tool;sol_version;analysis;type;subtype;name;insecure;error;ground_truth;filename
mythril-0.23.15;v4;source code;CreateBasedReentrancy;NonReentrant;NonReentrant.sol;0;;0;\Users\Lisa\Documents\Uni\Diplomarbeit\testdata_new\CreateBasedReentrancy\v4\No\NonReentrant\NonReentrant.sol
mythril-0.23.15;v4;source code;CreateBasedReentrancy;ReentrantCodePartsFixedAddress;ReentrantCodePartsFixedAddress.sol;0;;0;\Users\Lisa\Documents\Uni\Diplomarbeit\testdata_new\CreateBasedReentrancy\v4\No\ReentrantCodeParts\FixedAddress\ReentrantCodePartsFixedAddress.sol
mythril-0.23.15;v4;source code;CreateBasedReentrancy;ReentrantCodePartsUserDefinedAddress;ReentrantCodePartsUserDefinedAddress.sol;0;;0;\Users\Lisa\Documents\Uni\Diplomarbeit\testdata_new\CreateBasedReentrancy\v4\No\ReentrantCodeParts\UserDefinedAddress\ReentrantCodePartsUserDefinedAddress.sol
mythril-0.23.15;v4;source code;CreateBasedReentrancy;NonVulnerableFixedAddress;ReentrantNonVulnerableFixedAddress.sol;0;;0;\Users\Lisa\Documents\Uni\Diplomarbeit\testdata_new\CreateBasedReentrancy\v4\Reentrant\NonVulnerable\FixedAddress\ReentrantNonVulnerableFixedAddress.sol
mythril-0.23.15;v4;source code;CreateBasedReentrancy;NonVulnerableUserDefinedAddress;ReentrantNonVulnerableUserDefinedAddress.sol;0;;0;\Users\Lisa\Documents\Uni\Diplomarbeit\testdata_new\CreateBasedReentrancy\v4\Reentrant\NonVulnerable\UserDefinedAddress\ReentrantNonVulnerableUserDefinedAddress.sol
mythril-0.23.15;v4;source code;CreateBasedReentrancy;VulnerableEtherLossFixedAddress;ReentrantVulnerableEtherLossUserFixedAddress.sol;0;;1;\Users\Lisa\Documents\Uni\Diplomarbeit\testdata_new\CreateBasedReentrancy\v4\Reentrant\Vulnerable\EtherLoss\FixedAddress\ReentrantVulnerableEtherLossUserFixedAddress.sol
mythril-0.23.15;v4;source code;CreateBasedReentrancy;VulnerableEtherLossUserDefinedAddress;ReentrantVulnerableEtherLossUserDefinedAddress.sol;0;;1;\Users\Lisa\Documents\Uni\Diplomarbeit\testdata_new\CreateBasedReentrancy\v4\Reentrant\Vulnerable\EtherLoss\UserDefinedAddress\ReentrantVulnerableEtherLossUserDefinedAddress.sol
mythril-0.23.15;v4;source code;CreateBasedReentrancy;VulnerableNoEtherLossFixedAddress;ReentrantVulnerableNoEtherLossFixedAddress.sol;0;;1;\Users\Lisa\Documents\Uni\Diplomarbeit\testdata_new\CreateBasedReentrancy\v4\Reentrant\Vulnerable\NoEtherLoss\FixedAddress\ReentrantVulnerableNoEtherLossFixedAddress.sol
mythril-0.23.15;v4;source code;CreateBasedReentrancy;VulnerableNoEtherLossUserDefinedAddress;ReentrantVulnerableNoEtherLossUserDefinedAddress.sol;0;;1;\Users\Lisa\Documents\Uni\Diplomarbeit\testdata_new\CreateBasedReentrancy\v4\Reentrant\Vulnerable\NoEtherLoss\UserDefinedAddress\ReentrantVulnerableNoEtherLossUserDefinedAddress.sol
mythril-0.23.15;v5;source code;CreateBasedReentrancy;NonReentrant;NonReentrant.sol;0;;0;\Users\Lisa\Documents\Uni\Diplomarbeit\testdata_new\CreateBasedReentrancy\v5\No\NonReentrant\NonReentrant.sol
mythril-0.23.15;v5;source code;CreateBasedReentrancy;ReentrantCodePartsFixedAddress;ReentrantCodePartsFixedAddress.sol;0;;0;\Users\Lisa\Documents\Uni\Diplomarbeit\testdata_new\CreateBasedReentrancy\v5\No\ReentrantCodeParts\FixedAddress\ReentrantCodePartsFixedAddress.sol
mythril-0.23.15;v5;source code;CreateBasedReentrancy;ReentrantCodePartsUserDefinedAddress;ReentrantCodePartsUserDefinedAddress.sol;0;;0;\Users\Lisa\Documents\Uni\Diplomarbeit\testdata_new\CreateBasedReentrancy\v5\No\ReentrantCodeParts\UserDefinedAddress\ReentrantCodePartsUserDefinedAddress.sol
mythril-0.23.15;v5;source code;CreateBasedReentrancy;NonVulnerableFixedAddress;ReentrantNonVulnerableFixedAddress.sol;0;;0;\Users\Lisa\Documents\Uni\Diplomarbeit\testdata_new\CreateBasedReentrancy\v5\Reentrant\NonVulnerable\FixedAddress\ReentrantNonVulnerableFixedAddress.sol
mythril-0.23.15;v5;source code;CreateBasedReentrancy;NonVulnerableUserDefinedAddress;ReentrantNonVulnerableUserDefinedAddress.sol;0;;0;\Users\Lisa\Documents\Uni\Diplomarbeit\testdata_new\CreateBasedReentrancy\v5\Reentrant\NonVulnerable\UserDefinedAddress\ReentrantNonVulnerableUserDefinedAddress.sol
mythril-0.23.15;v5;source code;CreateBasedReentrancy;VulnerableEtherLossFixedAddress;ReentrantVulnerableEtherLossUserFixedAddress.sol;0;;1;\Users\Lisa\Documents\Uni\Diplomarbeit\testdata_new\CreateBasedReentrancy\v5\Reentrant\Vulnerable\EtherLoss\FixedAddress\ReentrantVulnerableEtherLossUserFixedAddress.sol
mythril-0.23.15;v5;source code;CreateBasedReentrancy;VulnerableEtherLossUserDefinedAddress;ReentrantVulnerableEtherLossUserDefinedAddress.sol;0;;1;\Users\Lisa\Documents\Uni\Diplomarbeit\testdata_new\CreateBasedReentrancy\v5\Reentrant\Vulnerable\EtherLoss\UserDefinedAddress\ReentrantVulnerableEtherLossUserDefinedAddress.sol
mythril-0.23.15;v5;source code;CreateBasedReentrancy;VulnerableNoEtherLossFixedAddress;ReentrantVulnerableNoEtherLossFixedAddress.sol;0;;1;\Users\Lisa\Documents\Uni\Diplomarbeit\testdata_new\CreateBasedReentrancy\v5\Reentrant\Vulnerable\NoEtherLoss\FixedAddress\ReentrantVulnerableNoEtherLossFixedAddress.sol
mythril-0.23.15;v5;source code;CreateBasedReentrancy;VulnerableNoEtherLossUserDefinedAddress;ReentrantVulnerableNoEtherLossUserDefinedAddress.sol;0;;1;\Users\Lisa\Documents\Uni\Diplomarbeit\testdata_new\CreateBasedReentrancy\v5\Reentrant\Vulnerable\NoEtherLoss\UserDefinedAddress\ReentrantVulnerableNoEtherLossUserDefinedAddress.sol
mythril-0.23.15;v6;source code;CreateBasedReentrancy;NonReentrant;NonReentrant.sol;0;;0;\Users\Lisa\Documents\Uni\Diplomarbeit\testdata_new\CreateBasedReentrancy\v6\No\NonReentrant\NonReentrant.sol
mythril-0.23.15;v6;source code;CreateBasedReentrancy;ReentrantCodePartsFixedAddress;ReentrantCodePartsFixedAddress.sol;0;;0;\Users\Lisa\Documents\Uni\Diplomarbeit\testdata_new\CreateBasedReentrancy\v6\No\ReentrantCodeParts\FixedAddress\ReentrantCodePartsFixedAddress.sol
mythril-0.23.15;v6;source code;CreateBasedReentrancy;ReentrantCodePartsUserDefinedAddress;ReentrantCodePartsUserDefinedAddress.sol;0;;0;\Users\Lisa\Documents\Uni\Diplomarbeit\testdata_new\CreateBasedReentrancy\v6\No\ReentrantCodeParts\UserDefinedAddress\ReentrantCodePartsUserDefinedAddress.sol
mythril-0.23.15;v6;source code;CreateBasedReentrancy;NonVulnerableFixedAddress;ReentrantNonVulnerableFixedAddress.sol;0;;0;\Users\Lisa\Documents\Uni\Diplomarbeit\testdata_new\CreateBasedReentrancy\v6\Reentrant\NonVulnerable\FixedAddress\ReentrantNonVulnerableFixedAddress.sol
mythril-0.23.15;v6;source code;CreateBasedReentrancy;NonVulnerableUserDefinedAddress;ReentrantNonVulnerableUserDefinedAddress.sol;0;;0;\Users\Lisa\Documents\Uni\Diplomarbeit\testdata_new\CreateBasedReentrancy\v6\Reentrant\NonVulnerable\UserDefinedAddress\ReentrantNonVulnerableUserDefinedAddress.sol
mythril-0.23.15;v6;source code;CreateBasedReentrancy;VulnerableEtherLossFixedAddress;ReentrantVulnerableEtherLossUserFixedAddress.sol;0;;1;\Users\Lisa\Documents\Uni\Diplomarbeit\testdata_new\CreateBasedReentrancy\v6\Reentrant\Vulnerable\EtherLoss\FixedAddress\ReentrantVulnerableEtherLossUserFixedAddress.sol
mythril-0.23.15;v6;source code;CreateBasedReentrancy;VulnerableEtherLossUserDefinedAddress;ReentrantVulnerableEtherLossUserDefinedAddress.sol;0;;1;\Users\Lisa\Documents\Uni\Diplomarbeit\testdata_new\CreateBasedReentrancy\v6\Reentrant\Vulnerable\EtherLoss\UserDefinedAddress\ReentrantVulnerableEtherLossUserDefinedAddress.sol
mythril-0.23.15;v6;source code;CreateBasedReentrancy;VulnerableNoEtherLossFixedAddress;ReentrantVulnerableNoEtherLossFixedAddress.sol;0;;1;\Users\Lisa\Documents\Uni\Diplomarbeit\testdata_new\CreateBasedReentrancy\v6\Reentrant\Vulnerable\NoEtherLoss\FixedAddress\ReentrantVulnerableNoEtherLossFixedAddress.sol
mythril-0.23.15;v6;source code;CreateBasedReentrancy;VulnerableNoEtherLossUserDefinedAddress;ReentrantVulnerableNoEtherLossUserDefinedAddress.sol;0;;1;\Users\Lisa\Documents\Uni\Diplomarbeit\testdata_new\CreateBasedReentrancy\v6\Reentrant\Vulnerable\NoEtherLoss\UserDefinedAddress\ReentrantVulnerableNoEtherLossUserDefinedAddress.sol
mythril-0.23.15;v7;source code;CreateBasedReentrancy;NonReentrant;NonReentrant.sol;0;;0;\Users\Lisa\Documents\Uni\Diplomarbeit\testdata_new\CreateBasedReentrancy\v7\No\NonReentrant\NonReentrant.sol
mythril-0.23.15;v7;source code;CreateBasedReentrancy;ReentrantCodePartsFixedAddress;ReentrantCodePartsFixedAddress.sol;0;;0;\Users\Lisa\Documents\Uni\Diplomarbeit\testdata_new\CreateBasedReentrancy\v7\No\ReentrantCodeParts\FixedAddress\ReentrantCodePartsFixedAddress.sol
mythril-0.23.15;v7;source code;CreateBasedReentrancy;ReentrantCodePartsUserDefinedAddress;ReentrantCodePartsUserDefinedAddress.sol;0;;0;\Users\Lisa\Documents\Uni\Diplomarbeit\testdata_new\CreateBasedReentrancy\v7\No\ReentrantCodeParts\UserDefinedAddress\ReentrantCodePartsUserDefinedAddress.sol
mythril-0.23.15;v7;source code;CreateBasedReentrancy;NonVulnerableFixedAddress;ReentrantNonVulnerableFixedAddress.sol;0;;0;\Users\Lisa\Documents\Uni\Diplomarbeit\testdata_new\CreateBasedReentrancy\v7\Reentrant\NonVulnerable\FixedAddress\ReentrantNonVulnerableFixedAddress.sol
mythril-0.23.15;v7;source code;CreateBasedReentrancy;NonVulnerableUserDefinedAddress;ReentrantNonVulnerableUserDefinedAddress.sol;0;;0;\Users\Lisa\Documents\Uni\Diplomarbeit\testdata_new\CreateBasedReentrancy\v7\Reentrant\NonVulnerable\UserDefinedAddress\ReentrantNonVulnerableUserDefinedAddress.sol
mythril-0.23.15;v7;source code;CreateBasedReentrancy;VulnerableEtherLossFixedAddress;ReentrantVulnerableEtherLossUserFixedAddress.sol;0;;1;\Users\Lisa\Documents\Uni\Diplomarbeit\testdata_new\CreateBasedReentrancy\v7\Reentrant\Vulnerable\EtherLoss\FixedAddress\ReentrantVulnerableEtherLossUserFixedAddress.sol
mythril-0.23.15;v7;source code;CreateBasedReentrancy;VulnerableEtherLossUserDefinedAddress;ReentrantVulnerableEtherLossUserDefinedAddress.sol;0;;1;\Users\Lisa\Documents\Uni\Diplomarbeit\testdata_new\CreateBasedReentrancy\v7\Reentrant\Vulnerable\EtherLoss\UserDefinedAddress\ReentrantVulnerableEtherLossUserDefinedAddress.sol
mythril-0.23.15;v7;source code;CreateBasedReentrancy;VulnerableNoEtherLossFixedAddress;ReentrantVulnerableNoEtherLossFixedAddress.sol;0;;1;\Users\Lisa\Documents\Uni\Diplomarbeit\testdata_new\CreateBasedReentrancy\v7\Reentrant\Vulnerable\NoEtherLoss\FixedAddress\ReentrantVulnerableNoEtherLossFixedAddress.sol
mythril-0.23.15;v7;source code;CreateBasedReentrancy;VulnerableNoEtherLossUserDefinedAddress;ReentrantVulnerableNoEtherLossUserDefinedAddress.sol;0;;1;\Users\Lisa\Documents\Uni\Diplomarbeit\testdata_new\CreateBasedReentrancy\v7\Reentrant\Vulnerable\NoEtherLoss\UserDefinedAddress\ReentrantVulnerableNoEtherLossUserDefinedAddress.sol
mythril-0.23.15;v8;source code;CreateBasedReentrancy;NonReentrant;NonReentrant.sol;0;;0;\Users\Lisa\Documents\Uni\Diplomarbeit\testdata_new\CreateBasedReentrancy\v8\No\NonReentrant\NonReentrant.sol
mythril-0.23.15;v8;source code;CreateBasedReentrancy;ReentrantCodePartsFixedAddress;ReentrantCodePartsFixedAddress.sol;0;;0;\Users\Lisa\Documents\Uni\Diplomarbeit\testdata_new\CreateBasedReentrancy\v8\No\ReentrantCodeParts\FixedAddress\ReentrantCodePartsFixedAddress.sol
mythril-0.23.15;v8;source code;CreateBasedReentrancy;ReentrantCodePartsUserDefinedAddress;ReentrantCodePartsUserDefinedAddress.sol;0;;0;\Users\Lisa\Documents\Uni\Diplomarbeit\testdata_new\CreateBasedReentrancy\v8\No\ReentrantCodeParts\UserDefinedAddress\ReentrantCodePartsUserDefinedAddress.sol
mythril-0.23.15;v8;source code;CreateBasedReentrancy;NonVulnerableFixedAddress;ReentrantNonVulnerableFixedAddress.sol;0;;0;\Users\Lisa\Documents\Uni\Diplomarbeit\testdata_new\CreateBasedReentrancy\v8\Reentrant\NonVulnerable\FixedAddress\ReentrantNonVulnerableFixedAddress.sol
mythril-0.23.15;v8;source code;CreateBasedReentrancy;NonVulnerableUserDefinedAddress;ReentrantNonVulnerableUserDefinedAddress.sol;0;;0;\Users\Lisa\Documents\Uni\Diplomarbeit\testdata_new\CreateBasedReentrancy\v8\Reentrant\NonVulnerable\UserDefinedAddress\ReentrantNonVulnerableUserDefinedAddress.sol
mythril-0.23.15;v8;source code;CreateBasedReentrancy;VulnerableEtherLossFixedAddress;ReentrantVulnerableEtherLossUserFixedAddress.sol;0;;1;\Users\Lisa\Documents\Uni\Diplomarbeit\testdata_new\CreateBasedReentrancy\v8\Reentrant\Vulnerable\EtherLoss\FixedAddress\ReentrantVulnerableEtherLossUserFixedAddress.sol
mythril-0.23.15;v8;source code;CreateBasedReentrancy;VulnerableEtherLossUserDefinedAddress;ReentrantVulnerableEtherLossUserDefinedAddress.sol;0;;1;\Users\Lisa\Documents\Uni\Diplomarbeit\testdata_new\CreateBasedReentrancy\v8\Reentrant\Vulnerable\EtherLoss\UserDefinedAddress\ReentrantVulnerableEtherLossUserDefinedAddress.sol
mythril-0.23.15;v8;source code;CreateBasedReentrancy;VulnerableNoEtherLossFixedAddress;ReentrantVulnerableNoEtherLossFixedAddress.sol;0;;1;\Users\Lisa\Documents\Uni\Diplomarbeit\testdata_new\CreateBasedReentrancy\v8\Reentrant\Vulnerable\NoEtherLoss\FixedAddress\ReentrantVulnerableNoEtherLossFixedAddress.sol
mythril-0.23.15;v8;source code;CreateBasedReentrancy;VulnerableNoEtherLossUserDefinedAddress;ReentrantVulnerableNoEtherLossUserDefinedAddress.sol;0;;1;\Users\Lisa\Documents\Uni\Diplomarbeit\testdata_new\CreateBasedReentrancy\v8\Reentrant\Vulnerable\NoEtherLoss\UserDefinedAddress\ReentrantVulnerableNoEtherLossUserDefinedAddress.sol
mythril-0.23.15;v4;source code;CrossFunctionReentrancy;NonReentrant;NonReentrant.sol;0;;0;\Users\Lisa\Documents\Uni\Diplomarbeit\testdata_new\CrossFunctionReentrancy\v4\No\NonReentrant\NonReentrant.sol
mythril-0.23.15;v4;source code;CrossFunctionReentrancy;ReentrantCodePartsFixedAddress;ReentrantCodePartsFixedAddress.sol;0;;0;\Users\Lisa\Documents\Uni\Diplomarbeit\testdata_new\CrossFunctionReentrancy\v4\No\ReentrantCodeParts\FixedAddress\ReentrantCodePartsFixedAddress.sol
mythril-0.23.15;v4;source code;CrossFunctionReentrancy;ReentrantCodePartsUserDefinedAddress;ReentrantCodePartsUserDefinedAddress.sol;0;;0;\Users\Lisa\Documents\Uni\Diplomarbeit\testdata_new\CrossFunctionReentrancy\v4\No\ReentrantCodeParts\UserDefinedAddress\ReentrantCodePartsUserDefinedAddress.sol
mythril-0.23.15;v4;source code;CrossFunctionReentrancy;SendFixedAddress;PossiblySendFixedAddress.sol;0;;0;\Users\Lisa\Documents\Uni\Diplomarbeit\testdata_new\CrossFunctionReentrancy\v4\Possibly\Send\FixedAddress\PossiblySendFixedAddress.sol
mythril-0.23.15;v4;source code;CrossFunctionReentrancy;SendUserDefinedAddress;PossiblySendUserDefinedAddress.sol;0;;0;\Users\Lisa\Documents\Uni\Diplomarbeit\testdata_new\CrossFunctionReentrancy\v4\Possibly\Send\UserDefinedAddress\PossiblySendUserDefinedAddress.sol
mythril-0.23.15;v4;source code;CrossFunctionReentrancy;TransferFixedAddress;PossiblyTransferFixedAddress.sol;0;;0;\Users\Lisa\Documents\Uni\Diplomarbeit\testdata_new\CrossFunctionReentrancy\v4\Possibly\Transfer\FixedAddress\PossiblyTransferFixedAddress.sol
mythril-0.23.15;v4;source code;CrossFunctionReentrancy;TransferUserDefinedAddress;PossiblyTransferUserDefinedAddress.sol;0;;0;\Users\Lisa\Documents\Uni\Diplomarbeit\testdata_new\CrossFunctionReentrancy\v4\Possibly\Transfer\UserDefinedAddress\PossiblyTransferUserDefinedAddress.sol
mythril-0.23.15;v4;source code;CrossFunctionReentrancy;NonVulnerableFixedAddress;ReentrantNonVulnerableFixedAddress.sol;0;;0;\Users\Lisa\Documents\Uni\Diplomarbeit\testdata_new\CrossFunctionReentrancy\v4\Reentrant\NonVulnerable\FixedAddress\ReentrantNonVulnerableFixedAddress.sol
mythril-0.23.15;v4;source code;CrossFunctionReentrancy;NonVulnerableUserDefinedAddress;ReentrantNonVulnerableUserDefinedAddress.sol;0;;0;\Users\Lisa\Documents\Uni\Diplomarbeit\testdata_new\CrossFunctionReentrancy\v4\Reentrant\NonVulnerable\UserDefinedAddress\ReentrantNonVulnerableUserDefinedAddress.sol
mythril-0.23.15;v4;source code;CrossFunctionReentrancy;VulnerableEtherLossFixedAddress;ReentrantVulnerableEtherLossFixedAddress.sol;0;;1;\Users\Lisa\Documents\Uni\Diplomarbeit\testdata_new\CrossFunctionReentrancy\v4\Reentrant\Vulnerable\EtherLoss\FixedAddress\ReentrantVulnerableEtherLossFixedAddress.sol
mythril-0.23.15;v4;source code;CrossFunctionReentrancy;VulnerableEtherLossUserDefinedAddress;ReentrantVulnerableEtherLossUserDefinedAddress.sol;0;;1;\Users\Lisa\Documents\Uni\Diplomarbeit\testdata_new\CrossFunctionReentrancy\v4\Reentrant\Vulnerable\EtherLoss\UserDefinedAddress\ReentrantVulnerableEtherLossUserDefinedAddress.sol
mythril-0.23.15;v4;source code;CrossFunctionReentrancy;VulnerableNoEtherLossFixedAddress;ReentrantVulnerableNoEtherLossFixedAddress.sol;0;;1;\Users\Lisa\Documents\Uni\Diplomarbeit\testdata_new\CrossFunctionReentrancy\v4\Reentrant\Vulnerable\NoEtherLoss\FixedAddress\ReentrantVulnerableNoEtherLossFixedAddress.sol
mythril-0.23.15;v4;source code;CrossFunctionReentrancy;VulnerableNoEtherLossUserDefinedAddress;ReentrantVulnerableNoEtherLossUserDefinedAddress.sol;0;;1;\Users\Lisa\Documents\Uni\Diplomarbeit\testdata_new\CrossFunctionReentrancy\v4\Reentrant\Vulnerable\NoEtherLoss\UserDefinedAddress\ReentrantVulnerableNoEtherLossUserDefinedAddress.sol
mythril-0.23.15;v5;source code;CrossFunctionReentrancy;NonReentrant;NonReentrant.sol;0;;0;\Users\Lisa\Documents\Uni\Diplomarbeit\testdata_new\CrossFunctionReentrancy\v5\No\NonReentrant\NonReentrant.sol
mythril-0.23.15;v5;source code;CrossFunctionReentrancy;ReentrantCodePartsFixedAddress;ReentrantCodePartsFixedAddress.sol;0;;0;\Users\Lisa\Documents\Uni\Diplomarbeit\testdata_new\CrossFunctionReentrancy\v5\No\ReentrantCodeParts\FixedAddress\ReentrantCodePartsFixedAddress.sol
mythril-0.23.15;v5;source code;CrossFunctionReentrancy;ReentrantCodePartsUserDefinedAddress;ReentrantCodePartsUserDefinedAddress.sol;0;;0;\Users\Lisa\Documents\Uni\Diplomarbeit\testdata_new\CrossFunctionReentrancy\v5\No\ReentrantCodeParts\UserDefinedAddress\ReentrantCodePartsUserDefinedAddress.sol
mythril-0.23.15;v5;source code;CrossFunctionReentrancy;SendFixedAddress;PossiblySendFixedAddress.sol;0;;0;\Users\Lisa\Documents\Uni\Diplomarbeit\testdata_new\CrossFunctionReentrancy\v5\Possibly\Send\FixedAddress\PossiblySendFixedAddress.sol
mythril-0.23.15;v5;source code;CrossFunctionReentrancy;SendUserDefinedAddress;PossiblySendUserDefinedAddress.sol;0;;0;\Users\Lisa\Documents\Uni\Diplomarbeit\testdata_new\CrossFunctionReentrancy\v5\Possibly\Send\UserDefinedAddress\PossiblySendUserDefinedAddress.sol
mythril-0.23.15;v5;source code;CrossFunctionReentrancy;TransferFixedAddress;PossiblyTransferFixedAddress.sol;0;;0;\Users\Lisa\Documents\Uni\Diplomarbeit\testdata_new\CrossFunctionReentrancy\v5\Possibly\Transfer\FixedAddress\PossiblyTransferFixedAddress.sol
mythril-0.23.15;v5;source code;CrossFunctionReentrancy;TransferUserDefinedAddress;PossiblyTransferUserDefinedAddress.sol;0;;0;\Users\Lisa\Documents\Uni\Diplomarbeit\testdata_new\CrossFunctionReentrancy\v5\Possibly\Transfer\UserDefinedAddress\PossiblyTransferUserDefinedAddress.sol
mythril-0.23.15;v5;source code;CrossFunctionReentrancy;NonVulnerableFixedAddress;ReentrantNonVulnerableFixedAddress.sol;0;;0;\Users\Lisa\Documents\Uni\Diplomarbeit\testdata_new\CrossFunctionReentrancy\v5\Reentrant\NonVulnerable\FixedAddress\ReentrantNonVulnerableFixedAddress.sol
mythril-0.23.15;v5;source code;CrossFunctionReentrancy;NonVulnerableUserDefinedAddress;ReentrantNonVulnerableUserDefinedAddress.sol;0;;0;\Users\Lisa\Documents\Uni\Diplomarbeit\testdata_new\CrossFunctionReentrancy\v5\Reentrant\NonVulnerable\UserDefinedAddress\ReentrantNonVulnerableUserDefinedAddress.sol
mythril-0.23.15;v5;source code;CrossFunctionReentrancy;VulnerableEtherLossFixedAddress;ReentrantVulnerableEtherLossFixedAddress.sol;0;;1;\Users\Lisa\Documents\Uni\Diplomarbeit\testdata_new\CrossFunctionReentrancy\v5\Reentrant\Vulnerable\EtherLoss\FixedAddress\ReentrantVulnerableEtherLossFixedAddress.sol
mythril-0.23.15;v5;source code;CrossFunctionReentrancy;VulnerableEtherLossUserDefinedAddress;ReentrantVulnerableEtherLossUserDefinedAddress.sol;0;;1;\Users\Lisa\Documents\Uni\Diplomarbeit\testdata_new\CrossFunctionReentrancy\v5\Reentrant\Vulnerable\EtherLoss\UserDefinedAddress\ReentrantVulnerableEtherLossUserDefinedAddress.sol
mythril-0.23.15;v5;source code;CrossFunctionReentrancy;VulnerableNoEtherLossFixedAddress;ReentrantVulnerableNoEtherLossFixedAddress.sol;0;;1;\Users\Lisa\Documents\Uni\Diplomarbeit\testdata_new\CrossFunctionReentrancy\v5\Reentrant\Vulnerable\NoEtherLoss\FixedAddress\ReentrantVulnerableNoEtherLossFixedAddress.sol
mythril-0.23.15;v5;source code;CrossFunctionReentrancy;VulnerableNoEtherLossUserDefinedAddress;ReentrantVulnerableNoEtherLossUserDefinedAddress.sol;0;;1;\Users\Lisa\Documents\Uni\Diplomarbeit\testdata_new\CrossFunctionReentrancy\v5\Reentrant\Vulnerable\NoEtherLoss\UserDefinedAddress\ReentrantVulnerableNoEtherLossUserDefinedAddress.sol
mythril-0.23.15;v6;source code;CrossFunctionReentrancy;NonReentrant;NonReentrant.sol;0;;0;\Users\Lisa\Documents\Uni\Diplomarbeit\testdata_new\CrossFunctionReentrancy\v6\No\NonReentrant\NonReentrant.sol
mythril-0.23.15;v6;source code;CrossFunctionReentrancy;ReentrantCodePartsFixedAddress;ReentrantCodePartsFixedAddress.sol;0;;0;\Users\Lisa\Documents\Uni\Diplomarbeit\testdata_new\CrossFunctionReentrancy\v6\No\ReentrantCodeParts\FixedAddress\ReentrantCodePartsFixedAddress.sol
mythril-0.23.15;v6;source code;CrossFunctionReentrancy;ReentrantCodePartsUserDefinedAddress;ReentrantCodePartsUserDefinedAddress.sol;0;;0;\Users\Lisa\Documents\Uni\Diplomarbeit\testdata_new\CrossFunctionReentrancy\v6\No\ReentrantCodeParts\UserDefinedAddress\ReentrantCodePartsUserDefinedAddress.sol
mythril-0.23.15;v6;source code;CrossFunctionReentrancy;SendFixedAddress;PossiblySendFixedAddress.sol;0;;0;\Users\Lisa\Documents\Uni\Diplomarbeit\testdata_new\CrossFunctionReentrancy\v6\Possibly\Send\FixedAddress\PossiblySendFixedAddress.sol
mythril-0.23.15;v6;source code;CrossFunctionReentrancy;SendUserDefinedAddress;PossiblySendUserDefinedAddress.sol;0;;0;\Users\Lisa\Documents\Uni\Diplomarbeit\testdata_new\CrossFunctionReentrancy\v6\Possibly\Send\UserDefinedAddress\PossiblySendUserDefinedAddress.sol
mythril-0.23.15;v6;source code;CrossFunctionReentrancy;TransferFixedAddress;PossiblyTransferFixedAddress.sol;0;;0;\Users\Lisa\Documents\Uni\Diplomarbeit\testdata_new\CrossFunctionReentrancy\v6\Possibly\Transfer\FixedAddress\PossiblyTransferFixedAddress.sol
mythril-0.23.15;v6;source code;CrossFunctionReentrancy;TransferUserDefinedAddress;PossiblyTransferUserDefinedAddress.sol;0;;0;\Users\Lisa\Documents\Uni\Diplomarbeit\testdata_new\CrossFunctionReentrancy\v6\Possibly\Transfer\UserDefinedAddress\PossiblyTransferUserDefinedAddress.sol
mythril-0.23.15;v6;source code;CrossFunctionReentrancy;NonVulnerableFixedAddress;ReentrantNonVulnerableFixedAddress.sol;0;;0;\Users\Lisa\Documents\Uni\Diplomarbeit\testdata_new\CrossFunctionReentrancy\v6\Reentrant\NonVulnerable\FixedAddress\ReentrantNonVulnerableFixedAddress.sol
mythril-0.23.15;v6;source code;CrossFunctionReentrancy;NonVulnerableUserDefinedAddress;ReentrantNonVulnerableUserDefinedAddress.sol;0;;0;\Users\Lisa\Documents\Uni\Diplomarbeit\testdata_new\CrossFunctionReentrancy\v6\Reentrant\NonVulnerable\UserDefinedAddress\ReentrantNonVulnerableUserDefinedAddress.sol
mythril-0.23.15;v6;source code;CrossFunctionReentrancy;VulnerableEtherLossFixedAddress;ReentrantVulnerableEtherLossFixedAddress.sol;0;;1;\Users\Lisa\Documents\Uni\Diplomarbeit\testdata_new\CrossFunctionReentrancy\v6\Reentrant\Vulnerable\EtherLoss\FixedAddress\ReentrantVulnerableEtherLossFixedAddress.sol
mythril-0.23.15;v6;source code;CrossFunctionReentrancy;VulnerableEtherLossUserDefinedAddress;ReentrantVulnerableEtherLossUserDefinedAddress.sol;0;;1;\Users\Lisa\Documents\Uni\Diplomarbeit\testdata_new\CrossFunctionReentrancy\v6\Reentrant\Vulnerable\EtherLoss\UserDefinedAddress\ReentrantVulnerableEtherLossUserDefinedAddress.sol
mythril-0.23.15;v6;source code;CrossFunctionReentrancy;VulnerableNoEtherLossFixedAddress;ReentrantVulnerableNoEtherLossFixedAddress.sol;0;;1;\Users\Lisa\Documents\Uni\Diplomarbeit\testdata_new\CrossFunctionReentrancy\v6\Reentrant\Vulnerable\NoEtherLoss\FixedAddress\ReentrantVulnerableNoEtherLossFixedAddress.sol
mythril-0.23.15;v6;source code;CrossFunctionReentrancy;VulnerableNoEtherLossUserDefinedAddress;ReentrantVulnerableNoEtherLossUserDefinedAddress.sol;0;;1;\Users\Lisa\Documents\Uni\Diplomarbeit\testdata_new\CrossFunctionReentrancy\v6\Reentrant\Vulnerable\NoEtherLoss\UserDefinedAddress\ReentrantVulnerableNoEtherLossUserDefinedAddress.sol
mythril-0.23.15;v7;source code;CrossFunctionReentrancy;NonReentrant;NonReentrant.sol;0;;0;\Users\Lisa\Documents\Uni\Diplomarbeit\testdata_new\CrossFunctionReentrancy\v7\No\NonReentrant\NonReentrant.sol
mythril-0.23.15;v7;source code;CrossFunctionReentrancy;ReentrantCodePartsFixedAddress;ReentrantCodePartsFixedAddress.sol;0;;0;\Users\Lisa\Documents\Uni\Diplomarbeit\testdata_new\CrossFunctionReentrancy\v7\No\ReentrantCodeParts\FixedAddress\ReentrantCodePartsFixedAddress.sol
mythril-0.23.15;v7;source code;CrossFunctionReentrancy;ReentrantCodePartsUserDefinedAddress;ReentrantCodePartsUserDefinedAddress.sol;0;;0;\Users\Lisa\Documents\Uni\Diplomarbeit\testdata_new\CrossFunctionReentrancy\v7\No\ReentrantCodeParts\UserDefinedAddress\ReentrantCodePartsUserDefinedAddress.sol
mythril-0.23.15;v7;source code;CrossFunctionReentrancy;SendFixedAddress;PossiblySendFixedAddress.sol;0;;0;\Users\Lisa\Documents\Uni\Diplomarbeit\testdata_new\CrossFunctionReentrancy\v7\Possibly\Send\FixedAddress\PossiblySendFixedAddress.sol
mythril-0.23.15;v7;source code;CrossFunctionReentrancy;SendUserDefinedAddress;PossiblySendUserDefinedAddress.sol;0;;0;\Users\Lisa\Documents\Uni\Diplomarbeit\testdata_new\CrossFunctionReentrancy\v7\Possibly\Send\UserDefinedAddress\PossiblySendUserDefinedAddress.sol
mythril-0.23.15;v7;source code;CrossFunctionReentrancy;TransferFixedAddress;PossiblyTransferFixedAddress.sol;0;;0;\Users\Lisa\Documents\Uni\Diplomarbeit\testdata_new\CrossFunctionReentrancy\v7\Possibly\Transfer\FixedAddress\PossiblyTransferFixedAddress.sol
mythril-0.23.15;v7;source code;CrossFunctionReentrancy;TransferUserDefinedAddress;PossiblyTransferUserDefinedAddress.sol;0;;0;\Users\Lisa\Documents\Uni\Diplomarbeit\testdata_new\CrossFunctionReentrancy\v7\Possibly\Transfer\UserDefinedAddress\PossiblyTransferUserDefinedAddress.sol
mythril-0.23.15;v7;source code;CrossFunctionReentrancy;NonVulnerableFixedAddress;ReentrantNonVulnerableFixedAddress.sol;0;;0;\Users\Lisa\Documents\Uni\Diplomarbeit\testdata_new\CrossFunctionReentrancy\v7\Reentrant\NonVulnerable\FixedAddress\ReentrantNonVulnerableFixedAddress.sol
mythril-0.23.15;v7;source code;CrossFunctionReentrancy;NonVulnerableUserDefinedAddress;ReentrantNonVulnerableUserDefinedAddress.sol;0;;0;\Users\Lisa\Documents\Uni\Diplomarbeit\testdata_new\CrossFunctionReentrancy\v7\Reentrant\NonVulnerable\UserDefinedAddress\ReentrantNonVulnerableUserDefinedAddress.sol
mythril-0.23.15;v7;source code;CrossFunctionReentrancy;VulnerableEtherLossFixedAddress;ReentrantVulnerableEtherLossFixedAddress.sol;0;;1;\Users\Lisa\Documents\Uni\Diplomarbeit\testdata_new\CrossFunctionReentrancy\v7\Reentrant\Vulnerable\EtherLoss\FixedAddress\ReentrantVulnerableEtherLossFixedAddress.sol
mythril-0.23.15;v7;source code;CrossFunctionReentrancy;VulnerableEtherLossUserDefinedAddress;ReentrantVulnerableEtherLossUserDefinedAddress.sol;0;;1;\Users\Lisa\Documents\Uni\Diplomarbeit\testdata_new\CrossFunctionReentrancy\v7\Reentrant\Vulnerable\EtherLoss\UserDefinedAddress\ReentrantVulnerableEtherLossUserDefinedAddress.sol
mythril-0.23.15;v7;source code;CrossFunctionReentrancy;VulnerableNoEtherLossFixedAddress;ReentrantVulnerableNoEtherLossFixedAddress.sol;0;;1;\Users\Lisa\Documents\Uni\Diplomarbeit\testdata_new\CrossFunctionReentrancy\v7\Reentrant\Vulnerable\NoEtherLoss\FixedAddress\ReentrantVulnerableNoEtherLossFixedAddress.sol
mythril-0.23.15;v7;source code;CrossFunctionReentrancy;VulnerableNoEtherLossUserDefinedAddress;ReentrantVulnerableNoEtherLossUserDefinedAddress.sol;0;;1;\Users\Lisa\Documents\Uni\Diplomarbeit\testdata_new\CrossFunctionReentrancy\v7\Reentrant\Vulnerable\NoEtherLoss\UserDefinedAddress\ReentrantVulnerableNoEtherLossUserDefinedAddress.sol
mythril-0.23.15;v8;source code;CrossFunctionReentrancy;NonReentrant;NonReentrant.sol;0;;0;\Users\Lisa\Documents\Uni\Diplomarbeit\testdata_new\CrossFunctionReentrancy\v8\No\NonReentrant\NonReentrant.sol
mythril-0.23.15;v8;source code;CrossFunctionReentrancy;ReentrantCodePartsFixedAddress;ReentrantCodePartsFixedAddress.sol;0;;0;\Users\Lisa\Documents\Uni\Diplomarbeit\testdata_new\CrossFunctionReentrancy\v8\No\ReentrantCodeParts\FixedAddress\ReentrantCodePartsFixedAddress.sol
mythril-0.23.15;v8;source code;CrossFunctionReentrancy;ReentrantCodePartsUserDefinedAddress;ReentrantCodePartsUserDefinedAddress.sol;0;;0;\Users\Lisa\Documents\Uni\Diplomarbeit\testdata_new\CrossFunctionReentrancy\v8\No\ReentrantCodeParts\UserDefinedAddress\ReentrantCodePartsUserDefinedAddress.sol
mythril-0.23.15;v8;source code;CrossFunctionReentrancy;SendFixedAddress;PossiblySendFixedAddress.sol;0;;0;\Users\Lisa\Documents\Uni\Diplomarbeit\testdata_new\CrossFunctionReentrancy\v8\Possibly\Send\FixedAddress\PossiblySendFixedAddress.sol
mythril-0.23.15;v8;source code;CrossFunctionReentrancy;SendUserDefinedAddress;PossiblySendUserDefinedAddress.sol;0;;0;\Users\Lisa\Documents\Uni\Diplomarbeit\testdata_new\CrossFunctionReentrancy\v8\Possibly\Send\UserDefinedAddress\PossiblySendUserDefinedAddress.sol
mythril-0.23.15;v8;source code;CrossFunctionReentrancy;TransferFixedAddress;PossiblyTransferFixedAddress.sol;0;;0;\Users\Lisa\Documents\Uni\Diplomarbeit\testdata_new\CrossFunctionReentrancy\v8\Possibly\Transfer\FixedAddress\PossiblyTransferFixedAddress.sol
mythril-0.23.15;v8;source code;CrossFunctionReentrancy;TransferUserDefinedAddress;PossiblyTransferUserDefinedAddress.sol;0;;0;\Users\Lisa\Documents\Uni\Diplomarbeit\testdata_new\CrossFunctionReentrancy\v8\Possibly\Transfer\UserDefinedAddress\PossiblyTransferUserDefinedAddress.sol
mythril-0.23.15;v8;source code;CrossFunctionReentrancy;NonVulnerableFixedAddress;ReentrantNonVulnerableFixedAddress.sol;0;;0;\Users\Lisa\Documents\Uni\Diplomarbeit\testdata_new\CrossFunctionReentrancy\v8\Reentrant\NonVulnerable\FixedAddress\ReentrantNonVulnerableFixedAddress.sol
mythril-0.23.15;v8;source code;CrossFunctionReentrancy;NonVulnerableUserDefinedAddress;ReentrantNonVulnerableUserDefinedAddress.sol;0;;0;\Users\Lisa\Documents\Uni\Diplomarbeit\testdata_new\CrossFunctionReentrancy\v8\Reentrant\NonVulnerable\UserDefinedAddress\ReentrantNonVulnerableUserDefinedAddress.sol
mythril-0.23.15;v8;source code;CrossFunctionReentrancy;VulnerableEtherLossFixedAddress;ReentrantVulnerableEtherLossFixedAddress.sol;0;;1;\Users\Lisa\Documents\Uni\Diplomarbeit\testdata_new\CrossFunctionReentrancy\v8\Reentrant\Vulnerable\EtherLoss\FixedAddress\ReentrantVulnerableEtherLossFixedAddress.sol
mythril-0.23.15;v8;source code;CrossFunctionReentrancy;VulnerableEtherLossUserDefinedAddress;ReentrantVulnerableEtherLossUserDefinedAddress.sol;0;;1;\Users\Lisa\Documents\Uni\Diplomarbeit\testdata_new\CrossFunctionReentrancy\v8\Reentrant\Vulnerable\EtherLoss\UserDefinedAddress\ReentrantVulnerableEtherLossUserDefinedAddress.sol
mythril-0.23.15;v8;source code;CrossFunctionReentrancy;VulnerableNoEtherLossFixedAddress;ReentrantVulnerableNoEtherLossFixedAddress.sol;0;;1;\Users\Lisa\Documents\Uni\Diplomarbeit\testdata_new\CrossFunctionReentrancy\v8\Reentrant\Vulnerable\NoEtherLoss\FixedAddress\ReentrantVulnerableNoEtherLossFixedAddress.sol
mythril-0.23.15;v8;source code;CrossFunctionReentrancy;VulnerableNoEtherLossUserDefinedAddress;ReentrantVulnerableNoEtherLossUserDefinedAddress.sol;0;;1;\Users\Lisa\Documents\Uni\Diplomarbeit\testdata_new\CrossFunctionReentrancy\v8\Reentrant\Vulnerable\NoEtherLoss\UserDefinedAddress\ReentrantVulnerableNoEtherLossUserDefinedAddress.sol
mythril-0.23.15;v4;source code;DelegatedReentrancy;ReentrantCodePartsFixedAddress;ReentrantCodePartsFixedAddress.sol;0;;0;\Users\Lisa\Documents\Uni\Diplomarbeit\testdata_new\DelegatedReentrancy\v4\No\ReentrantCodeParts\FixedAddress\ReentrantCodePartsFixedAddress.sol
mythril-0.23.15;v4;source code;DelegatedReentrancy;ReentrantCodePartsUserDefinedAddress;ReentrantCodePartsUserDefinedAddress.sol;0;;0;\Users\Lisa\Documents\Uni\Diplomarbeit\testdata_new\DelegatedReentrancy\v4\No\ReentrantCodeParts\UserDefinedAddress\ReentrantCodePartsUserDefinedAddress.sol
mythril-0.23.15;v4;source code;DelegatedReentrancy;SendFixedAddress;PossiblySendFixedAddress.sol;0;;0;\Users\Lisa\Documents\Uni\Diplomarbeit\testdata_new\DelegatedReentrancy\v4\Possibly\Send\FixedAddress\PossiblySendFixedAddress.sol
mythril-0.23.15;v4;source code;DelegatedReentrancy;SendUserDefinedAddress;PossiblySendUserDefinedAddress.sol;0;;0;\Users\Lisa\Documents\Uni\Diplomarbeit\testdata_new\DelegatedReentrancy\v4\Possibly\Send\UserDefinedAddress\PossiblySendUserDefinedAddress.sol
mythril-0.23.15;v4;source code;DelegatedReentrancy;TransferFixedAddress;PossiblyTransferFixedAddress.sol;0;;0;\Users\Lisa\Documents\Uni\Diplomarbeit\testdata_new\DelegatedReentrancy\v4\Possibly\Transfer\FixedAddress\PossiblyTransferFixedAddress.sol
mythril-0.23.15;v4;source code;DelegatedReentrancy;TransferUserDefinedAddress;PossiblyTransferUserDefinedAddress.sol;0;;0;\Users\Lisa\Documents\Uni\Diplomarbeit\testdata_new\DelegatedReentrancy\v4\Possibly\Transfer\UserDefinedAddress\PossiblyTransferUserDefinedAddress.sol
mythril-0.23.15;v4;source code;DelegatedReentrancy;NonVulnerableFixedAddress;ReentrantNonVulnerableFixedAddress.sol;0;;0;\Users\Lisa\Documents\Uni\Diplomarbeit\testdata_new\DelegatedReentrancy\v4\Reentrant\NonVulnerable\FixedAddress\ReentrantNonVulnerableFixedAddress.sol
mythril-0.23.15;v4;source code;DelegatedReentrancy;NonVulnerableUserDefinedAddress;ReentrantNonVulnerableUserDefinedAddress.sol;0;;0;\Users\Lisa\Documents\Uni\Diplomarbeit\testdata_new\DelegatedReentrancy\v4\Reentrant\NonVulnerable\UserDefinedAddress\ReentrantNonVulnerableUserDefinedAddress.sol
mythril-0.23.15;v4;source code;DelegatedReentrancy;VulnerableEtherLossFixedAddress;ReentrantVulnerableEtherLossFixedAddress.sol;0;;1;\Users\Lisa\Documents\Uni\Diplomarbeit\testdata_new\DelegatedReentrancy\v4\Reentrant\Vulnerable\EtherLoss\FixedAddress\ReentrantVulnerableEtherLossFixedAddress.sol
mythril-0.23.15;v4;source code;DelegatedReentrancy;VulnerableEtherLossUserDefinedAddress;ReentrantVulnerableEtherLossUserDefinedAddress.sol;0;;1;\Users\Lisa\Documents\Uni\Diplomarbeit\testdata_new\DelegatedReentrancy\v4\Reentrant\Vulnerable\EtherLoss\UserDefinedAddress\ReentrantVulnerableEtherLossUserDefinedAddress.sol
mythril-0.23.15;v4;source code;DelegatedReentrancy;VulnerableNoEtherLossFixedAddress;ReentrantVulnerableNoEtherLossFixedAddress.sol;1;;1;\Users\Lisa\Documents\Uni\Diplomarbeit\testdata_new\DelegatedReentrancy\v4\Reentrant\Vulnerable\NoEtherLoss\FixedAddress\ReentrantVulnerableNoEtherLossFixedAddress.sol
mythril-0.23.15;v4;source code;DelegatedReentrancy;VulnerableNoEtherLossUserDefinedAddress;ReentrantVulnerableNoEtherLossUserDefinedAddress.sol;1;;1;\Users\Lisa\Documents\Uni\Diplomarbeit\testdata_new\DelegatedReentrancy\v4\Reentrant\Vulnerable\NoEtherLoss\UserDefinedAddress\ReentrantVulnerableNoEtherLossUserDefinedAddress.sol
mythril-0.23.15;v5;source code;DelegatedReentrancy;ReentrantCodePartsFixedAddress;ReentrantCodePartsFixedAddress.sol;1;;0;\Users\Lisa\Documents\Uni\Diplomarbeit\testdata_new\DelegatedReentrancy\v5\No\ReentrantCodeParts\FixedAddress\ReentrantCodePartsFixedAddress.sol
mythril-0.23.15;v5;source code;DelegatedReentrancy;ReentrantCodePartsUserDefinedAddress;ReentrantCodePartsUserDefinedAddress.sol;1;;0;\Users\Lisa\Documents\Uni\Diplomarbeit\testdata_new\DelegatedReentrancy\v5\No\ReentrantCodeParts\UserDefinedAddress\ReentrantCodePartsUserDefinedAddress.sol
mythril-0.23.15;v5;source code;DelegatedReentrancy;SendFixedAddress;PossiblySendFixedAddress.sol;1;;0;\Users\Lisa\Documents\Uni\Diplomarbeit\testdata_new\DelegatedReentrancy\v5\Possibly\Send\FixedAddress\PossiblySendFixedAddress.sol
mythril-0.23.15;v5;source code;DelegatedReentrancy;SendUserDefinedAddress;PossiblySendUserDefinedAddress.sol;1;;0;\Users\Lisa\Documents\Uni\Diplomarbeit\testdata_new\DelegatedReentrancy\v5\Possibly\Send\UserDefinedAddress\PossiblySendUserDefinedAddress.sol
mythril-0.23.15;v5;source code;DelegatedReentrancy;TransferFixedAddress;PossiblyTransferFixedAddress.sol;1;;0;\Users\Lisa\Documents\Uni\Diplomarbeit\testdata_new\DelegatedReentrancy\v5\Possibly\Transfer\FixedAddress\PossiblyTransferFixedAddress.sol
mythril-0.23.15;v5;source code;DelegatedReentrancy;TransferUserDefinedAddress;PossiblyTransferUserDefinedAddress.sol;1;;0;\Users\Lisa\Documents\Uni\Diplomarbeit\testdata_new\DelegatedReentrancy\v5\Possibly\Transfer\UserDefinedAddress\PossiblyTransferUserDefinedAddress.sol
mythril-0.23.15;v5;source code;DelegatedReentrancy;NonVulnerableFixedAddress;ReentrantNonVulnerableFixedAddress.sol;0;;0;\Users\Lisa\Documents\Uni\Diplomarbeit\testdata_new\DelegatedReentrancy\v5\Reentrant\NonVulnerable\FixedAddress\ReentrantNonVulnerableFixedAddress.sol
mythril-0.23.15;v5;source code;DelegatedReentrancy;NonVulnerableUserDefinedAddress;ReentrantNonVulnerableUserDefinedAddress.sol;0;;0;\Users\Lisa\Documents\Uni\Diplomarbeit\testdata_new\DelegatedReentrancy\v5\Reentrant\NonVulnerable\UserDefinedAddress\ReentrantNonVulnerableUserDefinedAddress.sol
mythril-0.23.15;v5;source code;DelegatedReentrancy;VulnerableEtherLossFixedAddress;ReentrantVulnerableEtherLossFixedAddress.sol;1;;1;\Users\Lisa\Documents\Uni\Diplomarbeit\testdata_new\DelegatedReentrancy\v5\Reentrant\Vulnerable\EtherLoss\FixedAddress\ReentrantVulnerableEtherLossFixedAddress.sol
mythril-0.23.15;v5;source code;DelegatedReentrancy;VulnerableEtherLossUserDefinedAddress;ReentrantVulnerableEtherLossUserDefinedAddress.sol;1;;1;\Users\Lisa\Documents\Uni\Diplomarbeit\testdata_new\DelegatedReentrancy\v5\Reentrant\Vulnerable\EtherLoss\UserDefinedAddress\ReentrantVulnerableEtherLossUserDefinedAddress.sol
mythril-0.23.15;v5;source code;DelegatedReentrancy;VulnerableNoEtherLossFixedAddress;ReentrantVulnerableNoEtherLossFixedAddress.sol;1;;1;\Users\Lisa\Documents\Uni\Diplomarbeit\testdata_new\DelegatedReentrancy\v5\Reentrant\Vulnerable\NoEtherLoss\FixedAddress\ReentrantVulnerableNoEtherLossFixedAddress.sol
mythril-0.23.15;v5;source code;DelegatedReentrancy;VulnerableNoEtherLossUserDefinedAddress;ReentrantVulnerableNoEtherLossUserDefinedAddress.sol;1;;1;\Users\Lisa\Documents\Uni\Diplomarbeit\testdata_new\DelegatedReentrancy\v5\Reentrant\Vulnerable\NoEtherLoss\UserDefinedAddress\ReentrantVulnerableNoEtherLossUserDefinedAddress.sol
mythril-0.23.15;v6;source code;DelegatedReentrancy;ReentrantCodePartsFixedAddress;ReentrantCodePartsFixedAddress.sol;1;;0;\Users\Lisa\Documents\Uni\Diplomarbeit\testdata_new\DelegatedReentrancy\v6\No\ReentrantCodeParts\FixedAddress\ReentrantCodePartsFixedAddress.sol
mythril-0.23.15;v6;source code;DelegatedReentrancy;ReentrantCodePartsUserDefinedAddress;ReentrantCodePartsUserDefinedAddress.sol;1;;0;\Users\Lisa\Documents\Uni\Diplomarbeit\testdata_new\DelegatedReentrancy\v6\No\ReentrantCodeParts\UserDefinedAddress\ReentrantCodePartsUserDefinedAddress.sol
mythril-0.23.15;v6;source code;DelegatedReentrancy;SendFixedAddress;PossiblySendFixedAddress.sol;1;;0;\Users\Lisa\Documents\Uni\Diplomarbeit\testdata_new\DelegatedReentrancy\v6\Possibly\Send\FixedAddress\PossiblySendFixedAddress.sol
mythril-0.23.15;v6;source code;DelegatedReentrancy;SendUserDefinedAddress;PossiblySendUserDefinedAddress.sol;1;;0;\Users\Lisa\Documents\Uni\Diplomarbeit\testdata_new\DelegatedReentrancy\v6\Possibly\Send\UserDefinedAddress\PossiblySendUserDefinedAddress.sol
mythril-0.23.15;v6;source code;DelegatedReentrancy;TransferFixedAddress;PossiblyTransferFixedAddress.sol;1;;0;\Users\Lisa\Documents\Uni\Diplomarbeit\testdata_new\DelegatedReentrancy\v6\Possibly\Transfer\FixedAddress\PossiblyTransferFixedAddress.sol
mythril-0.23.15;v6;source code;DelegatedReentrancy;TransferUserDefinedAddress;PossiblyTransferUserDefinedAddress.sol;1;;0;\Users\Lisa\Documents\Uni\Diplomarbeit\testdata_new\DelegatedReentrancy\v6\Possibly\Transfer\UserDefinedAddress\PossiblyTransferUserDefinedAddress.sol
mythril-0.23.15;v6;source code;DelegatedReentrancy;NonVulnerableFixedAddress;ReentrantNonVulnerableFixedAddress.sol;0;;0;\Users\Lisa\Documents\Uni\Diplomarbeit\testdata_new\DelegatedReentrancy\v6\Reentrant\NonVulnerable\FixedAddress\ReentrantNonVulnerableFixedAddress.sol
mythril-0.23.15;v6;source code;DelegatedReentrancy;NonVulnerableUserDefinedAddress;ReentrantNonVulnerableUserDefinedAddress.sol;0;;0;\Users\Lisa\Documents\Uni\Diplomarbeit\testdata_new\DelegatedReentrancy\v6\Reentrant\NonVulnerable\UserDefinedAddress\ReentrantNonVulnerableUserDefinedAddress.sol
mythril-0.23.15;v6;source code;DelegatedReentrancy;VulnerableEtherLossFixedAddress;ReentrantVulnerableEtherLossFixedAddress.sol;1;;1;\Users\Lisa\Documents\Uni\Diplomarbeit\testdata_new\DelegatedReentrancy\v6\Reentrant\Vulnerable\EtherLoss\FixedAddress\ReentrantVulnerableEtherLossFixedAddress.sol
mythril-0.23.15;v6;source code;DelegatedReentrancy;VulnerableEtherLossUserDefinedAddress;ReentrantVulnerableEtherLossUserDefinedAddress.sol;1;;1;\Users\Lisa\Documents\Uni\Diplomarbeit\testdata_new\DelegatedReentrancy\v6\Reentrant\Vulnerable\EtherLoss\UserDefinedAddress\ReentrantVulnerableEtherLossUserDefinedAddress.sol
mythril-0.23.15;v6;source code;DelegatedReentrancy;VulnerableNoEtherLossFixedAddress;ReentrantVulnerableNoEtherLossFixedAddress.sol;1;;1;\Users\Lisa\Documents\Uni\Diplomarbeit\testdata_new\DelegatedReentrancy\v6\Reentrant\Vulnerable\NoEtherLoss\FixedAddress\ReentrantVulnerableNoEtherLossFixedAddress.sol
mythril-0.23.15;v6;source code;DelegatedReentrancy;VulnerableNoEtherLossUserDefinedAddress;ReentrantVulnerableNoEtherLossUserDefinedAddress.sol;1;;1;\Users\Lisa\Documents\Uni\Diplomarbeit\testdata_new\DelegatedReentrancy\v6\Reentrant\Vulnerable\NoEtherLoss\UserDefinedAddress\ReentrantVulnerableNoEtherLossUserDefinedAddress.sol
mythril-0.23.15;v7;source code;DelegatedReentrancy;ReentrantCodePartsFixedAddress;ReentrantCodePartsFixedAddress.sol;1;;0;\Users\Lisa\Documents\Uni\Diplomarbeit\testdata_new\DelegatedReentrancy\v7\No\ReentrantCodeParts\FixedAddress\ReentrantCodePartsFixedAddress.sol
mythril-0.23.15;v7;source code;DelegatedReentrancy;ReentrantCodePartsUserDefinedAddress;ReentrantCodePartsUserDefinedAddress.sol;1;;0;\Users\Lisa\Documents\Uni\Diplomarbeit\testdata_new\DelegatedReentrancy\v7\No\ReentrantCodeParts\UserDefinedAddress\ReentrantCodePartsUserDefinedAddress.sol
mythril-0.23.15;v7;source code;DelegatedReentrancy;SendFixedAddress;PossiblySendFixedAddress.sol;1;;0;\Users\Lisa\Documents\Uni\Diplomarbeit\testdata_new\DelegatedReentrancy\v7\Possibly\Send\FixedAddress\PossiblySendFixedAddress.sol
mythril-0.23.15;v7;source code;DelegatedReentrancy;SendUserDefinedAddress;PossiblySendUserDefinedAddress.sol;1;;0;\Users\Lisa\Documents\Uni\Diplomarbeit\testdata_new\DelegatedReentrancy\v7\Possibly\Send\UserDefinedAddress\PossiblySendUserDefinedAddress.sol
mythril-0.23.15;v7;source code;DelegatedReentrancy;TransferFixedAddress;PossiblyTransferFixedAddress.sol;1;;0;\Users\Lisa\Documents\Uni\Diplomarbeit\testdata_new\DelegatedReentrancy\v7\Possibly\Transfer\FixedAddress\PossiblyTransferFixedAddress.sol
mythril-0.23.15;v7;source code;DelegatedReentrancy;TransferUserDefinedAddress;PossiblyTransferUserDefinedAddress.sol;1;;0;\Users\Lisa\Documents\Uni\Diplomarbeit\testdata_new\DelegatedReentrancy\v7\Possibly\Transfer\UserDefinedAddress\PossiblyTransferUserDefinedAddress.sol
mythril-0.23.15;v7;source code;DelegatedReentrancy;NonVulnerableFixedAddress;ReentrantNonVulnerableFixedAddress.sol;0;;0;\Users\Lisa\Documents\Uni\Diplomarbeit\testdata_new\DelegatedReentrancy\v7\Reentrant\NonVulnerable\FixedAddress\ReentrantNonVulnerableFixedAddress.sol
mythril-0.23.15;v7;source code;DelegatedReentrancy;NonVulnerableUserDefinedAddress;ReentrantNonVulnerableUserDefinedAddress.sol;0;;0;\Users\Lisa\Documents\Uni\Diplomarbeit\testdata_new\DelegatedReentrancy\v7\Reentrant\NonVulnerable\UserDefinedAddress\ReentrantNonVulnerableUserDefinedAddress.sol
mythril-0.23.15;v7;source code;DelegatedReentrancy;VulnerableEtherLossFixedAddress;ReentrantVulnerableEtherLossFixedAddress.sol;1;;1;\Users\Lisa\Documents\Uni\Diplomarbeit\testdata_new\DelegatedReentrancy\v7\Reentrant\Vulnerable\EtherLoss\FixedAddress\ReentrantVulnerableEtherLossFixedAddress.sol
mythril-0.23.15;v7;source code;DelegatedReentrancy;VulnerableEtherLossUserDefinedAddress;ReentrantVulnerableEtherLossUserDefinedAddress.sol;1;;1;\Users\Lisa\Documents\Uni\Diplomarbeit\testdata_new\DelegatedReentrancy\v7\Reentrant\Vulnerable\EtherLoss\UserDefinedAddress\ReentrantVulnerableEtherLossUserDefinedAddress.sol
mythril-0.23.15;v7;source code;DelegatedReentrancy;VulnerableNoEtherLossFixedAddress;ReentrantVulnerableNoEtherLossFixedAddress.sol;1;;1;\Users\Lisa\Documents\Uni\Diplomarbeit\testdata_new\DelegatedReentrancy\v7\Reentrant\Vulnerable\NoEtherLoss\FixedAddress\ReentrantVulnerableNoEtherLossFixedAddress.sol
mythril-0.23.15;v7;source code;DelegatedReentrancy;VulnerableNoEtherLossUserDefinedAddress;ReentrantVulnerableNoEtherLossUserDefinedAddress.sol;1;;1;\Users\Lisa\Documents\Uni\Diplomarbeit\testdata_new\DelegatedReentrancy\v7\Reentrant\Vulnerable\NoEtherLoss\UserDefinedAddress\ReentrantVulnerableNoEtherLossUserDefinedAddress.sol
mythril-0.23.15;v8;source code;DelegatedReentrancy;ReentrantCodePartsFixedAddress;ReentrantCodePartsFixedAddress.sol;0;;0;\Users\Lisa\Documents\Uni\Diplomarbeit\testdata_new\DelegatedReentrancy\v8\No\ReentrantCodeParts\FixedAddress\ReentrantCodePartsFixedAddress.sol
mythril-0.23.15;v8;source code;DelegatedReentrancy;ReentrantCodePartsUserDefinedAddress;ReentrantCodePartsUserDefinedAddress.sol;0;;0;\Users\Lisa\Documents\Uni\Diplomarbeit\testdata_new\DelegatedReentrancy\v8\No\ReentrantCodeParts\UserDefinedAddress\ReentrantCodePartsUserDefinedAddress.sol
mythril-0.23.15;v8;source code;DelegatedReentrancy;SendFixedAddress;PossiblySendFixedAddress.sol;0;;0;\Users\Lisa\Documents\Uni\Diplomarbeit\testdata_new\DelegatedReentrancy\v8\Possibly\Send\FixedAddress\PossiblySendFixedAddress.sol
mythril-0.23.15;v8;source code;DelegatedReentrancy;SendUserDefinedAddress;PossiblySendUserDefinedAddress.sol;0;;0;\Users\Lisa\Documents\Uni\Diplomarbeit\testdata_new\DelegatedReentrancy\v8\Possibly\Send\UserDefinedAddress\PossiblySendUserDefinedAddress.sol
mythril-0.23.15;v8;source code;DelegatedReentrancy;TransferFixedAddress;PossiblyTransferFixedAddress.sol;0;;0;\Users\Lisa\Documents\Uni\Diplomarbeit\testdata_new\DelegatedReentrancy\v8\Possibly\Transfer\FixedAddress\PossiblyTransferFixedAddress.sol
mythril-0.23.15;v8;source code;DelegatedReentrancy;TransferUserDefinedAddress;PossiblyTransferUserDefinedAddress.sol;0;;0;\Users\Lisa\Documents\Uni\Diplomarbeit\testdata_new\DelegatedReentrancy\v8\Possibly\Transfer\UserDefinedAddress\PossiblyTransferUserDefinedAddress.sol
mythril-0.23.15;v8;source code;DelegatedReentrancy;NonVulnerableFixedAddress;ReentrantNonVulnerableFixedAddress.sol;0;;0;\Users\Lisa\Documents\Uni\Diplomarbeit\testdata_new\DelegatedReentrancy\v8\Reentrant\NonVulnerable\FixedAddress\ReentrantNonVulnerableFixedAddress.sol
mythril-0.23.15;v8;source code;DelegatedReentrancy;NonVulnerableUserDefinedAddress;ReentrantNonVulnerableUserDefinedAddress.sol;0;;0;\Users\Lisa\Documents\Uni\Diplomarbeit\testdata_new\DelegatedReentrancy\v8\Reentrant\NonVulnerable\UserDefinedAddress\ReentrantNonVulnerableUserDefinedAddress.sol
mythril-0.23.15;v8;source code;DelegatedReentrancy;VulnerableEtherLossFixedAddress;ReentrantVulnerableEtherLossFixedAddress.sol;0;;1;\Users\Lisa\Documents\Uni\Diplomarbeit\testdata_new\DelegatedReentrancy\v8\Reentrant\Vulnerable\EtherLoss\FixedAddress\ReentrantVulnerableEtherLossFixedAddress.sol
mythril-0.23.15;v8;source code;DelegatedReentrancy;VulnerableEtherLossUserDefinedAddress;ReentrantVulnerableEtherLossUserDefinedAddress.sol;0;;1;\Users\Lisa\Documents\Uni\Diplomarbeit\testdata_new\DelegatedReentrancy\v8\Reentrant\Vulnerable\EtherLoss\UserDefinedAddress\ReentrantVulnerableEtherLossUserDefinedAddress.sol
mythril-0.23.15;v8;source code;DelegatedReentrancy;VulnerableNoEtherLossFixedAddress;ReentrantVulnerableNoEtherLossFixedAddress.sol;0;;1;\Users\Lisa\Documents\Uni\Diplomarbeit\testdata_new\DelegatedReentrancy\v8\Reentrant\Vulnerable\NoEtherLoss\FixedAddress\ReentrantVulnerableNoEtherLossFixedAddress.sol
mythril-0.23.15;v8;source code;DelegatedReentrancy;VulnerableNoEtherLossUserDefinedAddress;ReentrantVulnerableNoEtherLossUserDefinedAddress.sol;0;;1;\Users\Lisa\Documents\Uni\Diplomarbeit\testdata_new\DelegatedReentrancy\v8\Reentrant\Vulnerable\NoEtherLoss\UserDefinedAddress\ReentrantVulnerableNoEtherLossUserDefinedAddress.sol
mythril-0.23.15;v4;source code;SameFunctionReentrancy;NonReentrant;NonReentrant.sol;0;;0;\Users\Lisa\Documents\Uni\Diplomarbeit\testdata_new\SameFunctionReentrancy\v4\No\NonReentrant\NonReentrant.sol
mythril-0.23.15;v4;source code;SameFunctionReentrancy;ReentrantCodePartsFixedAddress;ReentrantCodePartsFixedAddress.sol;1;;0;\Users\Lisa\Documents\Uni\Diplomarbeit\testdata_new\SameFunctionReentrancy\v4\No\ReentrantCodeParts\FixedAddress\ReentrantCodePartsFixedAddress.sol
mythril-0.23.15;v4;source code;SameFunctionReentrancy;ReentrantCodePartsUserDefinedAddress;ReentrantCodePartsUserDefinedAddress.sol;1;;0;\Users\Lisa\Documents\Uni\Diplomarbeit\testdata_new\SameFunctionReentrancy\v4\No\ReentrantCodeParts\UserDefinedAddress\ReentrantCodePartsUserDefinedAddress.sol
mythril-0.23.15;v4;source code;SameFunctionReentrancy;SendFixedAddress;PossiblySendFixedAddress.sol;0;;0;\Users\Lisa\Documents\Uni\Diplomarbeit\testdata_new\SameFunctionReentrancy\v4\Possibly\Send\FixedAddress\PossiblySendFixedAddress.sol
mythril-0.23.15;v4;source code;SameFunctionReentrancy;SendUserDefinedAddress;PossiblySendUserDefinedAddress.sol;0;;0;\Users\Lisa\Documents\Uni\Diplomarbeit\testdata_new\SameFunctionReentrancy\v4\Possibly\Send\UserDefinedAddress\PossiblySendUserDefinedAddress.sol
mythril-0.23.15;v4;source code;SameFunctionReentrancy;TransferFixedAddress;PossiblyTransferFixedAddress.sol;0;;0;\Users\Lisa\Documents\Uni\Diplomarbeit\testdata_new\SameFunctionReentrancy\v4\Possibly\Transfer\FixedAddress\PossiblyTransferFixedAddress.sol
mythril-0.23.15;v4;source code;SameFunctionReentrancy;TransferUserDefinedAddress;PossiblyTransferUserDefinedAddress.sol;0;;0;\Users\Lisa\Documents\Uni\Diplomarbeit\testdata_new\SameFunctionReentrancy\v4\Possibly\Transfer\UserDefinedAddress\PossiblyTransferUserDefinedAddress.sol
mythril-0.23.15;v4;source code;SameFunctionReentrancy;NonVulnerableFixedAddress;ReentrantNonVulnerableFixedAddress.sol;0;;0;\Users\Lisa\Documents\Uni\Diplomarbeit\testdata_new\SameFunctionReentrancy\v4\Reentrant\NonVulnerable\FixedAddress\ReentrantNonVulnerableFixedAddress.sol
mythril-0.23.15;v4;source code;SameFunctionReentrancy;NonVulnerableUserDefinedAddress;ReentrantNonVulnerableUserDefinedAddress.sol;1;;0;\Users\Lisa\Documents\Uni\Diplomarbeit\testdata_new\SameFunctionReentrancy\v4\Reentrant\NonVulnerable\UserDefinedAddress\ReentrantNonVulnerableUserDefinedAddress.sol
mythril-0.23.15;v4;source code;SameFunctionReentrancy;VulnerableEtherLossFixedAddress;ReentrantVulnerableEtherLossFixedAddress.sol;1;;1;\Users\Lisa\Documents\Uni\Diplomarbeit\testdata_new\SameFunctionReentrancy\v4\Reentrant\Vulnerable\EtherLoss\FixedAddress\ReentrantVulnerableEtherLossFixedAddress.sol
mythril-0.23.15;v4;source code;SameFunctionReentrancy;VulnerableEtherLossUserDefinedAddress;ReentrantVulnerableEtherLossUserDefinedAddress.sol;1;;1;\Users\Lisa\Documents\Uni\Diplomarbeit\testdata_new\SameFunctionReentrancy\v4\Reentrant\Vulnerable\EtherLoss\UserDefinedAddress\ReentrantVulnerableEtherLossUserDefinedAddress.sol
mythril-0.23.15;v4;source code;SameFunctionReentrancy;VulnerableNoEtherLossFixedAddress;ReentrantVulnerableNoEtherLossFixedAddress.sol;1;;1;\Users\Lisa\Documents\Uni\Diplomarbeit\testdata_new\SameFunctionReentrancy\v4\Reentrant\Vulnerable\NoEtherLoss\FixedAddress\ReentrantVulnerableNoEtherLossFixedAddress.sol
mythril-0.23.15;v4;source code;SameFunctionReentrancy;VulnerableNoEtherLossUserDefinedAddress;ReentrantVulnerableNoEtherLossUserDefinedAddress.sol;1;;1;\Users\Lisa\Documents\Uni\Diplomarbeit\testdata_new\SameFunctionReentrancy\v4\Reentrant\Vulnerable\NoEtherLoss\UserDefinedAddress\ReentrantVulnerableNoEtherLossUserDefinedAddress.sol
mythril-0.23.15;v5;source code;SameFunctionReentrancy;NonReentrant;NonReentrant.sol;0;;0;\Users\Lisa\Documents\Uni\Diplomarbeit\testdata_new\SameFunctionReentrancy\v5\No\NonReentrant\NonReentrant.sol
mythril-0.23.15;v5;source code;SameFunctionReentrancy;ReentrantCodePartsFixedAddress;ReentrantCodePartsFixedAddress.sol;1;;0;\Users\Lisa\Documents\Uni\Diplomarbeit\testdata_new\SameFunctionReentrancy\v5\No\ReentrantCodeParts\FixedAddress\ReentrantCodePartsFixedAddress.sol
mythril-0.23.15;v5;source code;SameFunctionReentrancy;ReentrantCodePartsUserDefinedAddress;ReentrantCodePartsUserDefinedAddress.sol;1;;0;\Users\Lisa\Documents\Uni\Diplomarbeit\testdata_new\SameFunctionReentrancy\v5\No\ReentrantCodeParts\UserDefinedAddress\ReentrantCodePartsUserDefinedAddress.sol
mythril-0.23.15;v5;source code;SameFunctionReentrancy;SendFixedAddress;PossiblySendFixedAddress.sol;0;;0;\Users\Lisa\Documents\Uni\Diplomarbeit\testdata_new\SameFunctionReentrancy\v5\Possibly\Send\FixedAddress\PossiblySendFixedAddress.sol
mythril-0.23.15;v5;source code;SameFunctionReentrancy;SendUserDefinedAddress;PossiblySendUserDefinedAddress.sol;0;;0;\Users\Lisa\Documents\Uni\Diplomarbeit\testdata_new\SameFunctionReentrancy\v5\Possibly\Send\UserDefinedAddress\PossiblySendUserDefinedAddress.sol
mythril-0.23.15;v5;source code;SameFunctionReentrancy;TransferFixedAddress;PossiblyTransferFixedAddress.sol;0;;0;\Users\Lisa\Documents\Uni\Diplomarbeit\testdata_new\SameFunctionReentrancy\v5\Possibly\Transfer\FixedAddress\PossiblyTransferFixedAddress.sol
mythril-0.23.15;v5;source code;SameFunctionReentrancy;TransferUserDefinedAddress;PossiblyTransferUserDefinedAddress.sol;0;;0;\Users\Lisa\Documents\Uni\Diplomarbeit\testdata_new\SameFunctionReentrancy\v5\Possibly\Transfer\UserDefinedAddress\PossiblyTransferUserDefinedAddress.sol
mythril-0.23.15;v5;source code;SameFunctionReentrancy;NonVulnerableFixedAddress;ReentrantNonVulnerableFixedAddress.sol;0;;0;\Users\Lisa\Documents\Uni\Diplomarbeit\testdata_new\SameFunctionReentrancy\v5\Reentrant\NonVulnerable\FixedAddress\ReentrantNonVulnerableFixedAddress.sol
mythril-0.23.15;v5;source code;SameFunctionReentrancy;NonVulnerableUserDefinedAddress;ReentrantNonVulnerableUserDefinedAddress.sol;1;;0;\Users\Lisa\Documents\Uni\Diplomarbeit\testdata_new\SameFunctionReentrancy\v5\Reentrant\NonVulnerable\UserDefinedAddress\ReentrantNonVulnerableUserDefinedAddress.sol
mythril-0.23.15;v5;source code;SameFunctionReentrancy;VulnerableEtherLossFixedAddress;ReentrantVulnerableEtherLossFixedAddress.sol;1;;1;\Users\Lisa\Documents\Uni\Diplomarbeit\testdata_new\SameFunctionReentrancy\v5\Reentrant\Vulnerable\EtherLoss\FixedAddress\ReentrantVulnerableEtherLossFixedAddress.sol
mythril-0.23.15;v5;source code;SameFunctionReentrancy;VulnerableEtherLossUserDefinedAddress;ReentrantVulnerableEtherLossUserDefinedAddress.sol;1;;1;\Users\Lisa\Documents\Uni\Diplomarbeit\testdata_new\SameFunctionReentrancy\v5\Reentrant\Vulnerable\EtherLoss\UserDefinedAddress\ReentrantVulnerableEtherLossUserDefinedAddress.sol
mythril-0.23.15;v5;source code;SameFunctionReentrancy;VulnerableNoEtherLossFixedAddress;ReentrantVulnerableNoEtherLossFixedAddress.sol;1;;1;\Users\Lisa\Documents\Uni\Diplomarbeit\testdata_new\SameFunctionReentrancy\v5\Reentrant\Vulnerable\NoEtherLoss\FixedAddress\ReentrantVulnerableNoEtherLossFixedAddress.sol
mythril-0.23.15;v5;source code;SameFunctionReentrancy;VulnerableNoEtherLossUserDefinedAddress;ReentrantVulnerableNoEtherLossUserDefinedAddress.sol;1;;1;\Users\Lisa\Documents\Uni\Diplomarbeit\testdata_new\SameFunctionReentrancy\v5\Reentrant\Vulnerable\NoEtherLoss\UserDefinedAddress\ReentrantVulnerableNoEtherLossUserDefinedAddress.sol
mythril-0.23.15;v6;source code;SameFunctionReentrancy;NonReentrant;NonReentrant.sol;0;;0;\Users\Lisa\Documents\Uni\Diplomarbeit\testdata_new\SameFunctionReentrancy\v6\No\NonReentrant\NonReentrant.sol
mythril-0.23.15;v6;source code;SameFunctionReentrancy;ReentrantCodePartsFixedAddress;ReentrantCodePartsFixedAddress.sol;1;;0;\Users\Lisa\Documents\Uni\Diplomarbeit\testdata_new\SameFunctionReentrancy\v6\No\ReentrantCodeParts\FixedAddress\ReentrantCodePartsFixedAddress.sol
mythril-0.23.15;v6;source code;SameFunctionReentrancy;ReentrantCodePartsUserDefinedAddress;ReentrantCodePartsUserDefinedAddress.sol;1;;0;\Users\Lisa\Documents\Uni\Diplomarbeit\testdata_new\SameFunctionReentrancy\v6\No\ReentrantCodeParts\UserDefinedAddress\ReentrantCodePartsUserDefinedAddress.sol
mythril-0.23.15;v6;source code;SameFunctionReentrancy;SendFixedAddress;PossiblySendFixedAddress.sol;0;;0;\Users\Lisa\Documents\Uni\Diplomarbeit\testdata_new\SameFunctionReentrancy\v6\Possibly\Send\FixedAddress\PossiblySendFixedAddress.sol
mythril-0.23.15;v6;source code;SameFunctionReentrancy;SendUserDefinedAddress;PossiblySendUserDefinedAddress.sol;0;;0;\Users\Lisa\Documents\Uni\Diplomarbeit\testdata_new\SameFunctionReentrancy\v6\Possibly\Send\UserDefinedAddress\PossiblySendUserDefinedAddress.sol
mythril-0.23.15;v6;source code;SameFunctionReentrancy;TransferFixedAddress;PossiblyTransferFixedAddress.sol;0;;0;\Users\Lisa\Documents\Uni\Diplomarbeit\testdata_new\SameFunctionReentrancy\v6\Possibly\Transfer\FixedAddress\PossiblyTransferFixedAddress.sol
mythril-0.23.15;v6;source code;SameFunctionReentrancy;TransferUserDefinedAddress;PossiblyTransferUserDefinedAddress.sol;0;;0;\Users\Lisa\Documents\Uni\Diplomarbeit\testdata_new\SameFunctionReentrancy\v6\Possibly\Transfer\UserDefinedAddress\PossiblyTransferUserDefinedAddress.sol
mythril-0.23.15;v6;source code;SameFunctionReentrancy;NonVulnerableFixedAddress;ReentrantNonVulnerableFixedAddress.sol;0;;0;\Users\Lisa\Documents\Uni\Diplomarbeit\testdata_new\SameFunctionReentrancy\v6\Reentrant\NonVulnerable\FixedAddress\ReentrantNonVulnerableFixedAddress.sol
mythril-0.23.15;v6;source code;SameFunctionReentrancy;NonVulnerableUserDefinedAddress;ReentrantNonVulnerableUserDefinedAddress.sol;1;;0;\Users\Lisa\Documents\Uni\Diplomarbeit\testdata_new\SameFunctionReentrancy\v6\Reentrant\NonVulnerable\UserDefinedAddress\ReentrantNonVulnerableUserDefinedAddress.sol
mythril-0.23.15;v6;source code;SameFunctionReentrancy;VulnerableEtherLossFixedAddress;ReentrantVulnerableEtherLossFixedAddress.sol;1;;1;\Users\Lisa\Documents\Uni\Diplomarbeit\testdata_new\SameFunctionReentrancy\v6\Reentrant\Vulnerable\EtherLoss\FixedAddress\ReentrantVulnerableEtherLossFixedAddress.sol
mythril-0.23.15;v6;source code;SameFunctionReentrancy;VulnerableEtherLossUserDefinedAddress;ReentrantVulnerableEtherLossUserDefinedAddress.sol;1;;1;\Users\Lisa\Documents\Uni\Diplomarbeit\testdata_new\SameFunctionReentrancy\v6\Reentrant\Vulnerable\EtherLoss\UserDefinedAddress\ReentrantVulnerableEtherLossUserDefinedAddress.sol
mythril-0.23.15;v6;source code;SameFunctionReentrancy;VulnerableNoEtherLossFixedAddress;ReentrantVulnerableNoEtherLossFixedAddress.sol;1;;1;\Users\Lisa\Documents\Uni\Diplomarbeit\testdata_new\SameFunctionReentrancy\v6\Reentrant\Vulnerable\NoEtherLoss\FixedAddress\ReentrantVulnerableNoEtherLossFixedAddress.sol
mythril-0.23.15;v6;source code;SameFunctionReentrancy;VulnerableNoEtherLossUserDefinedAddress;ReentrantVulnerableNoEtherLossUserDefinedAddress.sol;1;;1;\Users\Lisa\Documents\Uni\Diplomarbeit\testdata_new\SameFunctionReentrancy\v6\Reentrant\Vulnerable\NoEtherLoss\UserDefinedAddress\ReentrantVulnerableNoEtherLossUserDefinedAddress.sol
mythril-0.23.15;v7;source code;SameFunctionReentrancy;NonReentrant;NonReentrant.sol;0;;0;\Users\Lisa\Documents\Uni\Diplomarbeit\testdata_new\SameFunctionReentrancy\v7\No\NonReentrant\NonReentrant.sol
mythril-0.23.15;v7;source code;SameFunctionReentrancy;ReentrantCodePartsFixedAddress;ReentrantCodePartsFixedAddress.sol;1;;0;\Users\Lisa\Documents\Uni\Diplomarbeit\testdata_new\SameFunctionReentrancy\v7\No\ReentrantCodeParts\FixedAddress\ReentrantCodePartsFixedAddress.sol
mythril-0.23.15;v7;source code;SameFunctionReentrancy;ReentrantCodePartsUserDefinedAddress;ReentrantCodePartsUserDefinedAddress.sol;1;;0;\Users\Lisa\Documents\Uni\Diplomarbeit\testdata_new\SameFunctionReentrancy\v7\No\ReentrantCodeParts\UserDefinedAddress\ReentrantCodePartsUserDefinedAddress.sol
mythril-0.23.15;v7;source code;SameFunctionReentrancy;SendFixedAddress;PossiblySendFixedAddress.sol;0;;0;\Users\Lisa\Documents\Uni\Diplomarbeit\testdata_new\SameFunctionReentrancy\v7\Possibly\Send\FixedAddress\PossiblySendFixedAddress.sol
mythril-0.23.15;v7;source code;SameFunctionReentrancy;SendUserDefinedAddress;PossiblySendUserDefinedAddress.sol;0;;0;\Users\Lisa\Documents\Uni\Diplomarbeit\testdata_new\SameFunctionReentrancy\v7\Possibly\Send\UserDefinedAddress\PossiblySendUserDefinedAddress.sol
mythril-0.23.15;v7;source code;SameFunctionReentrancy;TransferFixedAddress;PossiblyTransferFixedAddress.sol;0;;0;\Users\Lisa\Documents\Uni\Diplomarbeit\testdata_new\SameFunctionReentrancy\v7\Possibly\Transfer\FixedAddress\PossiblyTransferFixedAddress.sol
mythril-0.23.15;v7;source code;SameFunctionReentrancy;TransferUserDefinedAddress;PossiblyTransferUserDefinedAddress.sol;0;;0;\Users\Lisa\Documents\Uni\Diplomarbeit\testdata_new\SameFunctionReentrancy\v7\Possibly\Transfer\UserDefinedAddress\PossiblyTransferUserDefinedAddress.sol
mythril-0.23.15;v7;source code;SameFunctionReentrancy;NonVulnerableFixedAddress;ReentrantNonVulnerableFixedAddress.sol;0;;0;\Users\Lisa\Documents\Uni\Diplomarbeit\testdata_new\SameFunctionReentrancy\v7\Reentrant\NonVulnerable\FixedAddress\ReentrantNonVulnerableFixedAddress.sol
mythril-0.23.15;v7;source code;SameFunctionReentrancy;NonVulnerableUserDefinedAddress;ReentrantNonVulnerableUserDefinedAddress.sol;1;;0;\Users\Lisa\Documents\Uni\Diplomarbeit\testdata_new\SameFunctionReentrancy\v7\Reentrant\NonVulnerable\UserDefinedAddress\ReentrantNonVulnerableUserDefinedAddress.sol
mythril-0.23.15;v7;source code;SameFunctionReentrancy;VulnerableEtherLossFixedAddress;ReentrantVulnerableEtherLossFixedAddress.sol;1;;1;\Users\Lisa\Documents\Uni\Diplomarbeit\testdata_new\SameFunctionReentrancy\v7\Reentrant\Vulnerable\EtherLoss\FixedAddress\ReentrantVulnerableEtherLossFixedAddress.sol
mythril-0.23.15;v7;source code;SameFunctionReentrancy;VulnerableEtherLossUserDefinedAddress;ReentrantVulnerableEtherLossUserDefinedAddress.sol;1;;1;\Users\Lisa\Documents\Uni\Diplomarbeit\testdata_new\SameFunctionReentrancy\v7\Reentrant\Vulnerable\EtherLoss\UserDefinedAddress\ReentrantVulnerableEtherLossUserDefinedAddress.sol
mythril-0.23.15;v7;source code;SameFunctionReentrancy;VulnerableNoEtherLossFixedAddress;ReentrantVulnerableNoEtherLossFixedAddress.sol;1;;1;\Users\Lisa\Documents\Uni\Diplomarbeit\testdata_new\SameFunctionReentrancy\v7\Reentrant\Vulnerable\NoEtherLoss\FixedAddress\ReentrantVulnerableNoEtherLossFixedAddress.sol
mythril-0.23.15;v7;source code;SameFunctionReentrancy;VulnerableNoEtherLossUserDefinedAddress;ReentrantVulnerableNoEtherLossUserDefinedAddress.sol;1;;1;\Users\Lisa\Documents\Uni\Diplomarbeit\testdata_new\SameFunctionReentrancy\v7\Reentrant\Vulnerable\NoEtherLoss\UserDefinedAddress\ReentrantVulnerableNoEtherLossUserDefinedAddress.sol
mythril-0.23.15;v8;source code;SameFunctionReentrancy;NonReentrant;NonReentrant.sol;0;;0;\Users\Lisa\Documents\Uni\Diplomarbeit\testdata_new\SameFunctionReentrancy\v8\No\NonReentrant\NonReentrant.sol
mythril-0.23.15;v8;source code;SameFunctionReentrancy;ReentrantCodePartsFixedAddress;ReentrantCodePartsFixedAddress.sol;0;;0;\Users\Lisa\Documents\Uni\Diplomarbeit\testdata_new\SameFunctionReentrancy\v8\No\ReentrantCodeParts\FixedAddress\ReentrantCodePartsFixedAddress.sol
mythril-0.23.15;v8;source code;SameFunctionReentrancy;ReentrantCodePartsUserDefinedAddress;ReentrantCodePartsUserDefinedAddress.sol;0;;0;\Users\Lisa\Documents\Uni\Diplomarbeit\testdata_new\SameFunctionReentrancy\v8\No\ReentrantCodeParts\UserDefinedAddress\ReentrantCodePartsUserDefinedAddress.sol
mythril-0.23.15;v8;source code;SameFunctionReentrancy;SendFixedAddress;PossiblySendFixedAddress.sol;0;;0;\Users\Lisa\Documents\Uni\Diplomarbeit\testdata_new\SameFunctionReentrancy\v8\Possibly\Send\FixedAddress\PossiblySendFixedAddress.sol
mythril-0.23.15;v8;source code;SameFunctionReentrancy;SendUserDefinedAddress;PossiblySendUserDefinedAddress.sol;0;;0;\Users\Lisa\Documents\Uni\Diplomarbeit\testdata_new\SameFunctionReentrancy\v8\Possibly\Send\UserDefinedAddress\PossiblySendUserDefinedAddress.sol
mythril-0.23.15;v8;source code;SameFunctionReentrancy;TransferFixedAddress;PossiblyTransferFixedAddress.sol;0;;0;\Users\Lisa\Documents\Uni\Diplomarbeit\testdata_new\SameFunctionReentrancy\v8\Possibly\Transfer\FixedAddress\PossiblyTransferFixedAddress.sol
mythril-0.23.15;v8;source code;SameFunctionReentrancy;TransferUserDefinedAddress;PossiblyTransferUserDefinedAddress.sol;0;;0;\Users\Lisa\Documents\Uni\Diplomarbeit\testdata_new\SameFunctionReentrancy\v8\Possibly\Transfer\UserDefinedAddress\PossiblyTransferUserDefinedAddress.sol
mythril-0.23.15;v8;source code;SameFunctionReentrancy;NonVulnerableFixedAddress;ReentrantNonVulnerableFixedAddress.sol;0;;0;\Users\Lisa\Documents\Uni\Diplomarbeit\testdata_new\SameFunctionReentrancy\v8\Reentrant\NonVulnerable\FixedAddress\ReentrantNonVulnerableFixedAddress.sol
mythril-0.23.15;v8;source code;SameFunctionReentrancy;NonVulnerableUserDefinedAddress;ReentrantNonVulnerableUserDefinedAddress.sol;0;;0;\Users\Lisa\Documents\Uni\Diplomarbeit\testdata_new\SameFunctionReentrancy\v8\Reentrant\NonVulnerable\UserDefinedAddress\ReentrantNonVulnerableUserDefinedAddress.sol
mythril-0.23.15;v8;source code;SameFunctionReentrancy;VulnerableEtherLossFixedAddress;ReentrantVulnerableEtherLossFixedAddress.sol;0;;1;\Users\Lisa\Documents\Uni\Diplomarbeit\testdata_new\SameFunctionReentrancy\v8\Reentrant\Vulnerable\EtherLoss\FixedAddress\ReentrantVulnerableEtherLossFixedAddress.sol
mythril-0.23.15;v8;source code;SameFunctionReentrancy;VulnerableEtherLossUserDefinedAddress;ReentrantVulnerableEtherLossUserDefinedAddress.sol;0;;1;\Users\Lisa\Documents\Uni\Diplomarbeit\testdata_new\SameFunctionReentrancy\v8\Reentrant\Vulnerable\EtherLoss\UserDefinedAddress\ReentrantVulnerableEtherLossUserDefinedAddress.sol
mythril-0.23.15;v8;source code;SameFunctionReentrancy;VulnerableNoEtherLossFixedAddress;ReentrantVulnerableNoEtherLossFixedAddress.sol;0;;1;\Users\Lisa\Documents\Uni\Diplomarbeit\testdata_new\SameFunctionReentrancy\v8\Reentrant\Vulnerable\NoEtherLoss\FixedAddress\ReentrantVulnerableNoEtherLossFixedAddress.sol
mythril-0.23.15;v8;source code;SameFunctionReentrancy;VulnerableNoEtherLossUserDefinedAddress;ReentrantVulnerableNoEtherLossUserDefinedAddress.sol;0;;1;\Users\Lisa\Documents\Uni\Diplomarbeit\testdata_new\SameFunctionReentrancy\v8\Reentrant\Vulnerable\NoEtherLoss\UserDefinedAddress\ReentrantVulnerableNoEtherLossUserDefinedAddress.sol
mythril-0.23.15;v4;source code;DelegatedReentrancy;NonReentrant;NonReentrant.sol;0;;0;\Users\Lisa\Documents\Uni\Diplomarbeit\testdata_new\DelegatedReentrancy\v4\No\NonReentrant\NonReentrant.sol
mythril-0.23.15;v5;source code;DelegatedReentrancy;NonReentrant;NonReentrant.sol;0;;0;\Users\Lisa\Documents\Uni\Diplomarbeit\testdata_new\DelegatedReentrancy\v5\No\NonReentrant\NonReentrant.sol
mythril-0.23.15;v6;source code;DelegatedReentrancy;NonReentrant;NonReentrant.sol;0;;0;\Users\Lisa\Documents\Uni\Diplomarbeit\testdata_new\DelegatedReentrancy\v6\No\NonReentrant\NonReentrant.sol
mythril-0.23.15;v7;source code;DelegatedReentrancy;NonReentrant;NonReentrant.sol;0;;0;\Users\Lisa\Documents\Uni\Diplomarbeit\testdata_new\DelegatedReentrancy\v7\No\NonReentrant\NonReentrant.sol
mythril-0.23.15;v8;source code;DelegatedReentrancy;NonReentrant;NonReentrant.sol;0;;0;\Users\Lisa\Documents\Uni\Diplomarbeit\testdata_new\DelegatedReentrancy\v8\No\NonReentrant\NonReentrant.sol
mythril-0.23.15;v4;source code;CreateBasedReentrancy;SendFixedAddress;PossiblySendFixedAddress.sol;0;1;0;\Users\Lisa\Documents\Uni\Diplomarbeit\CreateBasedPossibly\CreateBasedReentrancy\v4\Possibly\Send\FixedAddress\PossiblySendFixedAddress.sol
mythril-0.23.15;v4;source code;CreateBasedReentrancy;SendUserDefinedAddress;PossiblySendUserDefinedAddress.sol;0;1;0;\Users\Lisa\Documents\Uni\Diplomarbeit\CreateBasedPossibly\CreateBasedReentrancy\v4\Possibly\Send\UserDefinedAddress\PossiblySendUserDefinedAddress.sol
mythril-0.23.15;v4;source code;CreateBasedReentrancy;TransferFixedAddress;PossiblyTransferFixedAddress.sol;0;;0;\Users\Lisa\Documents\Uni\Diplomarbeit\CreateBasedPossibly\CreateBasedReentrancy\v4\Possibly\Transfer\FixedAddress\PossiblyTransferFixedAddress.sol
mythril-0.23.15;v4;source code;CreateBasedReentrancy;TransferUserDefinedAddress;PossiblyTransferUserDefinedAddress.sol;0;;0;\Users\Lisa\Documents\Uni\Diplomarbeit\CreateBasedPossibly\CreateBasedReentrancy\v4\Possibly\Transfer\UserDefinedAddress\PossiblyTransferUserDefinedAddress.sol
mythril-0.23.15;v5;source code;CreateBasedReentrancy;SendFixedAddress;PossiblySendFixedAddress.sol;0;1;0;\Users\Lisa\Documents\Uni\Diplomarbeit\CreateBasedPossibly\CreateBasedReentrancy\v5\Possibly\Send\FixedAddress\PossiblySendFixedAddress.sol
mythril-0.23.15;v5;source code;CreateBasedReentrancy;SendUserDefinedAddress;PossiblySendUserDefinedAddress.sol;0;1;0;\Users\Lisa\Documents\Uni\Diplomarbeit\CreateBasedPossibly\CreateBasedReentrancy\v5\Possibly\Send\UserDefinedAddress\PossiblySendUserDefinedAddress.sol
mythril-0.23.15;v5;source code;CreateBasedReentrancy;TransferFixedAddress;PossiblyTransferFixedAddress.sol;0;;0;\Users\Lisa\Documents\Uni\Diplomarbeit\CreateBasedPossibly\CreateBasedReentrancy\v5\Possibly\Transfer\FixedAddress\PossiblyTransferFixedAddress.sol
mythril-0.23.15;v5;source code;CreateBasedReentrancy;TransferUserDefinedAddress;PossiblyTransferUserDefinedAddress.sol;0;;0;\Users\Lisa\Documents\Uni\Diplomarbeit\CreateBasedPossibly\CreateBasedReentrancy\v5\Possibly\Transfer\UserDefinedAddress\PossiblyTransferUserDefinedAddress.sol
mythril-0.23.15;v6;source code;CreateBasedReentrancy;SendFixedAddress;PossiblySendFixedAddress.sol;0;1;0;\Users\Lisa\Documents\Uni\Diplomarbeit\CreateBasedPossibly\CreateBasedReentrancy\v6\Possibly\Send\FixedAddress\PossiblySendFixedAddress.sol
mythril-0.23.15;v6;source code;CreateBasedReentrancy;SendUserDefinedAddress;PossiblySendUserDefinedAddress.sol;0;1;0;\Users\Lisa\Documents\Uni\Diplomarbeit\CreateBasedPossibly\CreateBasedReentrancy\v6\Possibly\Send\UserDefinedAddress\PossiblySendUserDefinedAddress.sol
mythril-0.23.15;v6;source code;CreateBasedReentrancy;TransferFixedAddress;PossiblyTransferFixedAddress.sol;0;;0;\Users\Lisa\Documents\Uni\Diplomarbeit\CreateBasedPossibly\CreateBasedReentrancy\v6\Possibly\Transfer\FixedAddress\PossiblyTransferFixedAddress.sol
mythril-0.23.15;v6;source code;CreateBasedReentrancy;TransferUserDefinedAddress;PossiblyTransferUserDefinedAddress.sol;0;;0;\Users\Lisa\Documents\Uni\Diplomarbeit\CreateBasedPossibly\CreateBasedReentrancy\v6\Possibly\Transfer\UserDefinedAddress\PossiblyTransferUserDefinedAddress.sol
mythril-0.23.15;v7;source code;CreateBasedReentrancy;SendFixedAddress;PossiblySendFixedAddress.sol;0;1;0;\Users\Lisa\Documents\Uni\Diplomarbeit\CreateBasedPossibly\CreateBasedReentrancy\v7\Possibly\Send\FixedAddress\PossiblySendFixedAddress.sol
mythril-0.23.15;v7;source code;CreateBasedReentrancy;SendUserDefinedAddress;PossiblySendUserDefinedAddress.sol;0;1;0;\Users\Lisa\Documents\Uni\Diplomarbeit\CreateBasedPossibly\CreateBasedReentrancy\v7\Possibly\Send\UserDefinedAddress\PossiblySendUserDefinedAddress.sol
mythril-0.23.15;v7;source code;CreateBasedReentrancy;TransferFixedAddress;PossiblyTransferFixedAddress.sol;0;;0;\Users\Lisa\Documents\Uni\Diplomarbeit\CreateBasedPossibly\CreateBasedReentrancy\v7\Possibly\Transfer\FixedAddress\PossiblyTransferFixedAddress.sol
mythril-0.23.15;v7;source code;CreateBasedReentrancy;TransferUserDefinedAddress;PossiblyTransferUserDefinedAddress.sol;0;;0;\Users\Lisa\Documents\Uni\Diplomarbeit\CreateBasedPossibly\CreateBasedReentrancy\v7\Possibly\Transfer\UserDefinedAddress\PossiblyTransferUserDefinedAddress.sol
mythril-0.23.15;v8;source code;CreateBasedReentrancy;SendFixedAddress;PossiblySendFixedAddress.sol;0;;0;\Users\Lisa\Documents\Uni\Diplomarbeit\CreateBasedPossibly\CreateBasedReentrancy\v8\Possibly\Send\FixedAddress\PossiblySendFixedAddress.sol
mythril-0.23.15;v8;source code;CreateBasedReentrancy;SendUserDefinedAddress;PossiblySendUserDefinedAddress.sol;0;;0;\Users\Lisa\Documents\Uni\Diplomarbeit\CreateBasedPossibly\CreateBasedReentrancy\v8\Possibly\Send\UserDefinedAddress\PossiblySendUserDefinedAddress.sol
mythril-0.23.15;v8;source code;CreateBasedReentrancy;TransferFixedAddress;PossiblyTransferFixedAddress.sol;0;;0;\Users\Lisa\Documents\Uni\Diplomarbeit\CreateBasedPossibly\CreateBasedReentrancy\v8\Possibly\Transfer\FixedAddress\PossiblyTransferFixedAddress.sol
mythril-0.23.15;v8;source code;CreateBasedReentrancy;TransferUserDefinedAddress;PossiblyTransferUserDefinedAddress.sol;0;;0;\Users\Lisa\Documents\Uni\Diplomarbeit\CreateBasedPossibly\CreateBasedReentrancy\v8\Possibly\Transfer\UserDefinedAddress\PossiblyTransferUserDefinedAddress.sol
oyente;v4;source code;CreateBasedReentrancy;NonReentrant;NonReentrant.sol;0;;0;\Users\Lisa\Documents\Uni\Diplomarbeit\testdata_new\CreateBasedReentrancy\v4\No\NonReentrant\NonReentrant.sol
oyente;v4;source code;CreateBasedReentrancy;ReentrantCodePartsFixedAddress;ReentrantCodePartsFixedAddress.sol;0;;0;\Users\Lisa\Documents\Uni\Diplomarbeit\testdata_new\CreateBasedReentrancy\v4\No\ReentrantCodeParts\FixedAddress\ReentrantCodePartsFixedAddress.sol
oyente;v4;source code;CreateBasedReentrancy;ReentrantCodePartsUserDefinedAddress;ReentrantCodePartsUserDefinedAddress.sol;0;;0;\Users\Lisa\Documents\Uni\Diplomarbeit\testdata_new\CreateBasedReentrancy\v4\No\ReentrantCodeParts\UserDefinedAddress\ReentrantCodePartsUserDefinedAddress.sol
oyente;v4;source code;CreateBasedReentrancy;NonVulnerableFixedAddress;ReentrantNonVulnerableFixedAddress.sol;0;;0;\Users\Lisa\Documents\Uni\Diplomarbeit\testdata_new\CreateBasedReentrancy\v4\Reentrant\NonVulnerable\FixedAddress\ReentrantNonVulnerableFixedAddress.sol
oyente;v4;source code;CreateBasedReentrancy;NonVulnerableUserDefinedAddress;ReentrantNonVulnerableUserDefinedAddress.sol;0;;0;\Users\Lisa\Documents\Uni\Diplomarbeit\testdata_new\CreateBasedReentrancy\v4\Reentrant\NonVulnerable\UserDefinedAddress\ReentrantNonVulnerableUserDefinedAddress.sol
oyente;v4;source code;CreateBasedReentrancy;VulnerableEtherLossFixedAddress;ReentrantVulnerableEtherLossUserFixedAddress.sol;0;;1;\Users\Lisa\Documents\Uni\Diplomarbeit\testdata_new\CreateBasedReentrancy\v4\Reentrant\Vulnerable\EtherLoss\FixedAddress\ReentrantVulnerableEtherLossUserFixedAddress.sol
oyente;v4;source code;CreateBasedReentrancy;VulnerableEtherLossUserDefinedAddress;ReentrantVulnerableEtherLossUserDefinedAddress.sol;0;;1;\Users\Lisa\Documents\Uni\Diplomarbeit\testdata_new\CreateBasedReentrancy\v4\Reentrant\Vulnerable\EtherLoss\UserDefinedAddress\ReentrantVulnerableEtherLossUserDefinedAddress.sol
oyente;v4;source code;CreateBasedReentrancy;VulnerableNoEtherLossFixedAddress;ReentrantVulnerableNoEtherLossFixedAddress.sol;0;;1;\Users\Lisa\Documents\Uni\Diplomarbeit\testdata_new\CreateBasedReentrancy\v4\Reentrant\Vulnerable\NoEtherLoss\FixedAddress\ReentrantVulnerableNoEtherLossFixedAddress.sol
oyente;v4;source code;CreateBasedReentrancy;VulnerableNoEtherLossUserDefinedAddress;ReentrantVulnerableNoEtherLossUserDefinedAddress.sol;0;;1;\Users\Lisa\Documents\Uni\Diplomarbeit\testdata_new\CreateBasedReentrancy\v4\Reentrant\Vulnerable\NoEtherLoss\UserDefinedAddress\ReentrantVulnerableNoEtherLossUserDefinedAddress.sol
oyente;v5;source code;CreateBasedReentrancy;NonReentrant;NonReentrant.sol;0;;0;\Users\Lisa\Documents\Uni\Diplomarbeit\testdata_new\CreateBasedReentrancy\v5\No\NonReentrant\NonReentrant.sol
oyente;v5;source code;CreateBasedReentrancy;ReentrantCodePartsFixedAddress;ReentrantCodePartsFixedAddress.sol;0;;0;\Users\Lisa\Documents\Uni\Diplomarbeit\testdata_new\CreateBasedReentrancy\v5\No\ReentrantCodeParts\FixedAddress\ReentrantCodePartsFixedAddress.sol
oyente;v5;source code;CreateBasedReentrancy;ReentrantCodePartsUserDefinedAddress;ReentrantCodePartsUserDefinedAddress.sol;0;;0;\Users\Lisa\Documents\Uni\Diplomarbeit\testdata_new\CreateBasedReentrancy\v5\No\ReentrantCodeParts\UserDefinedAddress\ReentrantCodePartsUserDefinedAddress.sol
oyente;v5;source code;CreateBasedReentrancy;NonVulnerableFixedAddress;ReentrantNonVulnerableFixedAddress.sol;0;;0;\Users\Lisa\Documents\Uni\Diplomarbeit\testdata_new\CreateBasedReentrancy\v5\Reentrant\NonVulnerable\FixedAddress\ReentrantNonVulnerableFixedAddress.sol
oyente;v5;source code;CreateBasedReentrancy;NonVulnerableUserDefinedAddress;ReentrantNonVulnerableUserDefinedAddress.sol;0;;0;\Users\Lisa\Documents\Uni\Diplomarbeit\testdata_new\CreateBasedReentrancy\v5\Reentrant\NonVulnerable\UserDefinedAddress\ReentrantNonVulnerableUserDefinedAddress.sol
oyente;v5;source code;CreateBasedReentrancy;VulnerableEtherLossFixedAddress;ReentrantVulnerableEtherLossUserFixedAddress.sol;0;;1;\Users\Lisa\Documents\Uni\Diplomarbeit\testdata_new\CreateBasedReentrancy\v5\Reentrant\Vulnerable\EtherLoss\FixedAddress\ReentrantVulnerableEtherLossUserFixedAddress.sol
oyente;v5;source code;CreateBasedReentrancy;VulnerableEtherLossUserDefinedAddress;ReentrantVulnerableEtherLossUserDefinedAddress.sol;0;;1;\Users\Lisa\Documents\Uni\Diplomarbeit\testdata_new\CreateBasedReentrancy\v5\Reentrant\Vulnerable\EtherLoss\UserDefinedAddress\ReentrantVulnerableEtherLossUserDefinedAddress.sol
oyente;v5;source code;CreateBasedReentrancy;VulnerableNoEtherLossFixedAddress;ReentrantVulnerableNoEtherLossFixedAddress.sol;0;;1;\Users\Lisa\Documents\Uni\Diplomarbeit\testdata_new\CreateBasedReentrancy\v5\Reentrant\Vulnerable\NoEtherLoss\FixedAddress\ReentrantVulnerableNoEtherLossFixedAddress.sol
oyente;v5;source code;CreateBasedReentrancy;VulnerableNoEtherLossUserDefinedAddress;ReentrantVulnerableNoEtherLossUserDefinedAddress.sol;0;;1;\Users\Lisa\Documents\Uni\Diplomarbeit\testdata_new\CreateBasedReentrancy\v5\Reentrant\Vulnerable\NoEtherLoss\UserDefinedAddress\ReentrantVulnerableNoEtherLossUserDefinedAddress.sol
oyente;v6;source code;CreateBasedReentrancy;NonReentrant;NonReentrant.sol;0;;0;\Users\Lisa\Documents\Uni\Diplomarbeit\testdata_new\CreateBasedReentrancy\v6\No\NonReentrant\NonReentrant.sol
oyente;v6;source code;CreateBasedReentrancy;ReentrantCodePartsFixedAddress;ReentrantCodePartsFixedAddress.sol;0;;0;\Users\Lisa\Documents\Uni\Diplomarbeit\testdata_new\CreateBasedReentrancy\v6\No\ReentrantCodeParts\FixedAddress\ReentrantCodePartsFixedAddress.sol
oyente;v6;source code;CreateBasedReentrancy;ReentrantCodePartsUserDefinedAddress;ReentrantCodePartsUserDefinedAddress.sol;0;;0;\Users\Lisa\Documents\Uni\Diplomarbeit\testdata_new\CreateBasedReentrancy\v6\No\ReentrantCodeParts\UserDefinedAddress\ReentrantCodePartsUserDefinedAddress.sol
oyente;v6;source code;CreateBasedReentrancy;NonVulnerableFixedAddress;ReentrantNonVulnerableFixedAddress.sol;0;;0;\Users\Lisa\Documents\Uni\Diplomarbeit\testdata_new\CreateBasedReentrancy\v6\Reentrant\NonVulnerable\FixedAddress\ReentrantNonVulnerableFixedAddress.sol
oyente;v6;source code;CreateBasedReentrancy;NonVulnerableUserDefinedAddress;ReentrantNonVulnerableUserDefinedAddress.sol;0;;0;\Users\Lisa\Documents\Uni\Diplomarbeit\testdata_new\CreateBasedReentrancy\v6\Reentrant\NonVulnerable\UserDefinedAddress\ReentrantNonVulnerableUserDefinedAddress.sol
oyente;v6;source code;CreateBasedReentrancy;VulnerableEtherLossFixedAddress;ReentrantVulnerableEtherLossUserFixedAddress.sol;0;;1;\Users\Lisa\Documents\Uni\Diplomarbeit\testdata_new\CreateBasedReentrancy\v6\Reentrant\Vulnerable\EtherLoss\FixedAddress\ReentrantVulnerableEtherLossUserFixedAddress.sol
oyente;v6;source code;CreateBasedReentrancy;VulnerableEtherLossUserDefinedAddress;ReentrantVulnerableEtherLossUserDefinedAddress.sol;0;;1;\Users\Lisa\Documents\Uni\Diplomarbeit\testdata_new\CreateBasedReentrancy\v6\Reentrant\Vulnerable\EtherLoss\UserDefinedAddress\ReentrantVulnerableEtherLossUserDefinedAddress.sol
oyente;v6;source code;CreateBasedReentrancy;VulnerableNoEtherLossFixedAddress;ReentrantVulnerableNoEtherLossFixedAddress.sol;0;;1;\Users\Lisa\Documents\Uni\Diplomarbeit\testdata_new\CreateBasedReentrancy\v6\Reentrant\Vulnerable\NoEtherLoss\FixedAddress\ReentrantVulnerableNoEtherLossFixedAddress.sol
oyente;v6;source code;CreateBasedReentrancy;VulnerableNoEtherLossUserDefinedAddress;ReentrantVulnerableNoEtherLossUserDefinedAddress.sol;0;;1;\Users\Lisa\Documents\Uni\Diplomarbeit\testdata_new\CreateBasedReentrancy\v6\Reentrant\Vulnerable\NoEtherLoss\UserDefinedAddress\ReentrantVulnerableNoEtherLossUserDefinedAddress.sol
oyente;v7;source code;CreateBasedReentrancy;NonReentrant;NonReentrant.sol;0;;0;\Users\Lisa\Documents\Uni\Diplomarbeit\testdata_new\CreateBasedReentrancy\v7\No\NonReentrant\NonReentrant.sol
oyente;v7;source code;CreateBasedReentrancy;ReentrantCodePartsFixedAddress;ReentrantCodePartsFixedAddress.sol;0;;0;\Users\Lisa\Documents\Uni\Diplomarbeit\testdata_new\CreateBasedReentrancy\v7\No\ReentrantCodeParts\FixedAddress\ReentrantCodePartsFixedAddress.sol
oyente;v7;source code;CreateBasedReentrancy;ReentrantCodePartsUserDefinedAddress;ReentrantCodePartsUserDefinedAddress.sol;0;;0;\Users\Lisa\Documents\Uni\Diplomarbeit\testdata_new\CreateBasedReentrancy\v7\No\ReentrantCodeParts\UserDefinedAddress\ReentrantCodePartsUserDefinedAddress.sol
oyente;v7;source code;CreateBasedReentrancy;NonVulnerableFixedAddress;ReentrantNonVulnerableFixedAddress.sol;0;;0;\Users\Lisa\Documents\Uni\Diplomarbeit\testdata_new\CreateBasedReentrancy\v7\Reentrant\NonVulnerable\FixedAddress\ReentrantNonVulnerableFixedAddress.sol
oyente;v7;source code;CreateBasedReentrancy;NonVulnerableUserDefinedAddress;ReentrantNonVulnerableUserDefinedAddress.sol;;1;0;\Users\Lisa\Documents\Uni\Diplomarbeit\testdata_new\CreateBasedReentrancy\v7\Reentrant\NonVulnerable\UserDefinedAddress\ReentrantNonVulnerableUserDefinedAddress.sol
oyente;v7;source code;CreateBasedReentrancy;VulnerableEtherLossFixedAddress;ReentrantVulnerableEtherLossUserFixedAddress.sol;0;;1;\Users\Lisa\Documents\Uni\Diplomarbeit\testdata_new\CreateBasedReentrancy\v7\Reentrant\Vulnerable\EtherLoss\FixedAddress\ReentrantVulnerableEtherLossUserFixedAddress.sol
oyente;v7;source code;CreateBasedReentrancy;VulnerableEtherLossUserDefinedAddress;ReentrantVulnerableEtherLossUserDefinedAddress.sol;0;;1;\Users\Lisa\Documents\Uni\Diplomarbeit\testdata_new\CreateBasedReentrancy\v7\Reentrant\Vulnerable\EtherLoss\UserDefinedAddress\ReentrantVulnerableEtherLossUserDefinedAddress.sol
oyente;v7;source code;CreateBasedReentrancy;VulnerableNoEtherLossFixedAddress;ReentrantVulnerableNoEtherLossFixedAddress.sol;;1;1;\Users\Lisa\Documents\Uni\Diplomarbeit\testdata_new\CreateBasedReentrancy\v7\Reentrant\Vulnerable\NoEtherLoss\FixedAddress\ReentrantVulnerableNoEtherLossFixedAddress.sol
oyente;v7;source code;CreateBasedReentrancy;VulnerableNoEtherLossUserDefinedAddress;ReentrantVulnerableNoEtherLossUserDefinedAddress.sol;0;;1;\Users\Lisa\Documents\Uni\Diplomarbeit\testdata_new\CreateBasedReentrancy\v7\Reentrant\Vulnerable\NoEtherLoss\UserDefinedAddress\ReentrantVulnerableNoEtherLossUserDefinedAddress.sol
oyente;v4;source code;CrossFunctionReentrancy;NonReentrant;NonReentrant.sol;0;;0;\Users\Lisa\Documents\Uni\Diplomarbeit\testdata_new\CrossFunctionReentrancy\v4\No\NonReentrant\NonReentrant.sol
oyente;v4;source code;CrossFunctionReentrancy;ReentrantCodePartsFixedAddress;ReentrantCodePartsFixedAddress.sol;0;;0;\Users\Lisa\Documents\Uni\Diplomarbeit\testdata_new\CrossFunctionReentrancy\v4\No\ReentrantCodeParts\FixedAddress\ReentrantCodePartsFixedAddress.sol
oyente;v4;source code;CrossFunctionReentrancy;ReentrantCodePartsUserDefinedAddress;ReentrantCodePartsUserDefinedAddress.sol;0;;0;\Users\Lisa\Documents\Uni\Diplomarbeit\testdata_new\CrossFunctionReentrancy\v4\No\ReentrantCodeParts\UserDefinedAddress\ReentrantCodePartsUserDefinedAddress.sol
oyente;v4;source code;CrossFunctionReentrancy;SendFixedAddress;PossiblySendFixedAddress.sol;0;;0;\Users\Lisa\Documents\Uni\Diplomarbeit\testdata_new\CrossFunctionReentrancy\v4\Possibly\Send\FixedAddress\PossiblySendFixedAddress.sol
oyente;v4;source code;CrossFunctionReentrancy;SendUserDefinedAddress;PossiblySendUserDefinedAddress.sol;0;;0;\Users\Lisa\Documents\Uni\Diplomarbeit\testdata_new\CrossFunctionReentrancy\v4\Possibly\Send\UserDefinedAddress\PossiblySendUserDefinedAddress.sol
oyente;v4;source code;CrossFunctionReentrancy;TransferFixedAddress;PossiblyTransferFixedAddress.sol;0;;0;\Users\Lisa\Documents\Uni\Diplomarbeit\testdata_new\CrossFunctionReentrancy\v4\Possibly\Transfer\FixedAddress\PossiblyTransferFixedAddress.sol
oyente;v4;source code;CrossFunctionReentrancy;TransferUserDefinedAddress;PossiblyTransferUserDefinedAddress.sol;0;;0;\Users\Lisa\Documents\Uni\Diplomarbeit\testdata_new\CrossFunctionReentrancy\v4\Possibly\Transfer\UserDefinedAddress\PossiblyTransferUserDefinedAddress.sol
oyente;v4;source code;CrossFunctionReentrancy;NonVulnerableFixedAddress;ReentrantNonVulnerableFixedAddress.sol;0;;0;\Users\Lisa\Documents\Uni\Diplomarbeit\testdata_new\CrossFunctionReentrancy\v4\Reentrant\NonVulnerable\FixedAddress\ReentrantNonVulnerableFixedAddress.sol
oyente;v4;source code;CrossFunctionReentrancy;NonVulnerableUserDefinedAddress;ReentrantNonVulnerableUserDefinedAddress.sol;0;;0;\Users\Lisa\Documents\Uni\Diplomarbeit\testdata_new\CrossFunctionReentrancy\v4\Reentrant\NonVulnerable\UserDefinedAddress\ReentrantNonVulnerableUserDefinedAddress.sol
oyente;v4;source code;CrossFunctionReentrancy;VulnerableEtherLossFixedAddress;ReentrantVulnerableEtherLossFixedAddress.sol;1;;1;\Users\Lisa\Documents\Uni\Diplomarbeit\testdata_new\CrossFunctionReentrancy\v4\Reentrant\Vulnerable\EtherLoss\FixedAddress\ReentrantVulnerableEtherLossFixedAddress.sol
oyente;v4;source code;CrossFunctionReentrancy;VulnerableEtherLossUserDefinedAddress;ReentrantVulnerableEtherLossUserDefinedAddress.sol;1;;1;\Users\Lisa\Documents\Uni\Diplomarbeit\testdata_new\CrossFunctionReentrancy\v4\Reentrant\Vulnerable\EtherLoss\UserDefinedAddress\ReentrantVulnerableEtherLossUserDefinedAddress.sol
oyente;v4;source code;CrossFunctionReentrancy;VulnerableNoEtherLossFixedAddress;ReentrantVulnerableNoEtherLossFixedAddress.sol;0;;1;\Users\Lisa\Documents\Uni\Diplomarbeit\testdata_new\CrossFunctionReentrancy\v4\Reentrant\Vulnerable\NoEtherLoss\FixedAddress\ReentrantVulnerableNoEtherLossFixedAddress.sol
oyente;v4;source code;CrossFunctionReentrancy;VulnerableNoEtherLossUserDefinedAddress;ReentrantVulnerableNoEtherLossUserDefinedAddress.sol;0;;1;\Users\Lisa\Documents\Uni\Diplomarbeit\testdata_new\CrossFunctionReentrancy\v4\Reentrant\Vulnerable\NoEtherLoss\UserDefinedAddress\ReentrantVulnerableNoEtherLossUserDefinedAddress.sol
oyente;v5;source code;CrossFunctionReentrancy;NonReentrant;NonReentrant.sol;0;;0;\Users\Lisa\Documents\Uni\Diplomarbeit\testdata_new\CrossFunctionReentrancy\v5\No\NonReentrant\NonReentrant.sol
oyente;v5;source code;CrossFunctionReentrancy;ReentrantCodePartsFixedAddress;ReentrantCodePartsFixedAddress.sol;0;;0;\Users\Lisa\Documents\Uni\Diplomarbeit\testdata_new\CrossFunctionReentrancy\v5\No\ReentrantCodeParts\FixedAddress\ReentrantCodePartsFixedAddress.sol
oyente;v5;source code;CrossFunctionReentrancy;ReentrantCodePartsUserDefinedAddress;ReentrantCodePartsUserDefinedAddress.sol;0;;0;\Users\Lisa\Documents\Uni\Diplomarbeit\testdata_new\CrossFunctionReentrancy\v5\No\ReentrantCodeParts\UserDefinedAddress\ReentrantCodePartsUserDefinedAddress.sol
oyente;v5;source code;CrossFunctionReentrancy;SendFixedAddress;PossiblySendFixedAddress.sol;0;;0;\Users\Lisa\Documents\Uni\Diplomarbeit\testdata_new\CrossFunctionReentrancy\v5\Possibly\Send\FixedAddress\PossiblySendFixedAddress.sol
oyente;v5;source code;CrossFunctionReentrancy;SendUserDefinedAddress;PossiblySendUserDefinedAddress.sol;0;;0;\Users\Lisa\Documents\Uni\Diplomarbeit\testdata_new\CrossFunctionReentrancy\v5\Possibly\Send\UserDefinedAddress\PossiblySendUserDefinedAddress.sol
oyente;v5;source code;CrossFunctionReentrancy;TransferFixedAddress;PossiblyTransferFixedAddress.sol;0;;0;\Users\Lisa\Documents\Uni\Diplomarbeit\testdata_new\CrossFunctionReentrancy\v5\Possibly\Transfer\FixedAddress\PossiblyTransferFixedAddress.sol
oyente;v5;source code;CrossFunctionReentrancy;TransferUserDefinedAddress;PossiblyTransferUserDefinedAddress.sol;0;;0;\Users\Lisa\Documents\Uni\Diplomarbeit\testdata_new\CrossFunctionReentrancy\v5\Possibly\Transfer\UserDefinedAddress\PossiblyTransferUserDefinedAddress.sol
oyente;v5;source code;CrossFunctionReentrancy;NonVulnerableFixedAddress;ReentrantNonVulnerableFixedAddress.sol;0;;0;\Users\Lisa\Documents\Uni\Diplomarbeit\testdata_new\CrossFunctionReentrancy\v5\Reentrant\NonVulnerable\FixedAddress\ReentrantNonVulnerableFixedAddress.sol
oyente;v5;source code;CrossFunctionReentrancy;NonVulnerableUserDefinedAddress;ReentrantNonVulnerableUserDefinedAddress.sol;0;;0;\Users\Lisa\Documents\Uni\Diplomarbeit\testdata_new\CrossFunctionReentrancy\v5\Reentrant\NonVulnerable\UserDefinedAddress\ReentrantNonVulnerableUserDefinedAddress.sol
oyente;v5;source code;CrossFunctionReentrancy;VulnerableEtherLossFixedAddress;ReentrantVulnerableEtherLossFixedAddress.sol;1;;1;\Users\Lisa\Documents\Uni\Diplomarbeit\testdata_new\CrossFunctionReentrancy\v5\Reentrant\Vulnerable\EtherLoss\FixedAddress\ReentrantVulnerableEtherLossFixedAddress.sol
oyente;v5;source code;CrossFunctionReentrancy;VulnerableEtherLossUserDefinedAddress;ReentrantVulnerableEtherLossUserDefinedAddress.sol;1;;1;\Users\Lisa\Documents\Uni\Diplomarbeit\testdata_new\CrossFunctionReentrancy\v5\Reentrant\Vulnerable\EtherLoss\UserDefinedAddress\ReentrantVulnerableEtherLossUserDefinedAddress.sol
oyente;v5;source code;CrossFunctionReentrancy;VulnerableNoEtherLossFixedAddress;ReentrantVulnerableNoEtherLossFixedAddress.sol;0;;1;\Users\Lisa\Documents\Uni\Diplomarbeit\testdata_new\CrossFunctionReentrancy\v5\Reentrant\Vulnerable\NoEtherLoss\FixedAddress\ReentrantVulnerableNoEtherLossFixedAddress.sol
oyente;v5;source code;CrossFunctionReentrancy;VulnerableNoEtherLossUserDefinedAddress;ReentrantVulnerableNoEtherLossUserDefinedAddress.sol;0;;1;\Users\Lisa\Documents\Uni\Diplomarbeit\testdata_new\CrossFunctionReentrancy\v5\Reentrant\Vulnerable\NoEtherLoss\UserDefinedAddress\ReentrantVulnerableNoEtherLossUserDefinedAddress.sol
oyente;v6;source code;CrossFunctionReentrancy;NonReentrant;NonReentrant.sol;0;;0;\Users\Lisa\Documents\Uni\Diplomarbeit\testdata_new\CrossFunctionReentrancy\v6\No\NonReentrant\NonReentrant.sol
oyente;v6;source code;CrossFunctionReentrancy;ReentrantCodePartsFixedAddress;ReentrantCodePartsFixedAddress.sol;0;;0;\Users\Lisa\Documents\Uni\Diplomarbeit\testdata_new\CrossFunctionReentrancy\v6\No\ReentrantCodeParts\FixedAddress\ReentrantCodePartsFixedAddress.sol
oyente;v6;source code;CrossFunctionReentrancy;ReentrantCodePartsUserDefinedAddress;ReentrantCodePartsUserDefinedAddress.sol;0;;0;\Users\Lisa\Documents\Uni\Diplomarbeit\testdata_new\CrossFunctionReentrancy\v6\No\ReentrantCodeParts\UserDefinedAddress\ReentrantCodePartsUserDefinedAddress.sol
oyente;v6;source code;CrossFunctionReentrancy;SendFixedAddress;PossiblySendFixedAddress.sol;0;;0;\Users\Lisa\Documents\Uni\Diplomarbeit\testdata_new\CrossFunctionReentrancy\v6\Possibly\Send\FixedAddress\PossiblySendFixedAddress.sol
oyente;v6;source code;CrossFunctionReentrancy;SendUserDefinedAddress;PossiblySendUserDefinedAddress.sol;0;;0;\Users\Lisa\Documents\Uni\Diplomarbeit\testdata_new\CrossFunctionReentrancy\v6\Possibly\Send\UserDefinedAddress\PossiblySendUserDefinedAddress.sol
oyente;v6;source code;CrossFunctionReentrancy;TransferFixedAddress;PossiblyTransferFixedAddress.sol;0;;0;\Users\Lisa\Documents\Uni\Diplomarbeit\testdata_new\CrossFunctionReentrancy\v6\Possibly\Transfer\FixedAddress\PossiblyTransferFixedAddress.sol
oyente;v6;source code;CrossFunctionReentrancy;TransferUserDefinedAddress;PossiblyTransferUserDefinedAddress.sol;0;;0;\Users\Lisa\Documents\Uni\Diplomarbeit\testdata_new\CrossFunctionReentrancy\v6\Possibly\Transfer\UserDefinedAddress\PossiblyTransferUserDefinedAddress.sol
oyente;v6;source code;CrossFunctionReentrancy;NonVulnerableFixedAddress;ReentrantNonVulnerableFixedAddress.sol;0;;0;\Users\Lisa\Documents\Uni\Diplomarbeit\testdata_new\CrossFunctionReentrancy\v6\Reentrant\NonVulnerable\FixedAddress\ReentrantNonVulnerableFixedAddress.sol
oyente;v6;source code;CrossFunctionReentrancy;NonVulnerableUserDefinedAddress;ReentrantNonVulnerableUserDefinedAddress.sol;0;;0;\Users\Lisa\Documents\Uni\Diplomarbeit\testdata_new\CrossFunctionReentrancy\v6\Reentrant\NonVulnerable\UserDefinedAddress\ReentrantNonVulnerableUserDefinedAddress.sol
oyente;v6;source code;CrossFunctionReentrancy;VulnerableEtherLossFixedAddress;ReentrantVulnerableEtherLossFixedAddress.sol;1;;1;\Users\Lisa\Documents\Uni\Diplomarbeit\testdata_new\CrossFunctionReentrancy\v6\Reentrant\Vulnerable\EtherLoss\FixedAddress\ReentrantVulnerableEtherLossFixedAddress.sol
oyente;v6;source code;CrossFunctionReentrancy;VulnerableEtherLossUserDefinedAddress;ReentrantVulnerableEtherLossUserDefinedAddress.sol;1;;1;\Users\Lisa\Documents\Uni\Diplomarbeit\testdata_new\CrossFunctionReentrancy\v6\Reentrant\Vulnerable\EtherLoss\UserDefinedAddress\ReentrantVulnerableEtherLossUserDefinedAddress.sol
oyente;v6;source code;CrossFunctionReentrancy;VulnerableNoEtherLossFixedAddress;ReentrantVulnerableNoEtherLossFixedAddress.sol;0;;1;\Users\Lisa\Documents\Uni\Diplomarbeit\testdata_new\CrossFunctionReentrancy\v6\Reentrant\Vulnerable\NoEtherLoss\FixedAddress\ReentrantVulnerableNoEtherLossFixedAddress.sol
oyente;v6;source code;CrossFunctionReentrancy;VulnerableNoEtherLossUserDefinedAddress;ReentrantVulnerableNoEtherLossUserDefinedAddress.sol;0;;1;\Users\Lisa\Documents\Uni\Diplomarbeit\testdata_new\CrossFunctionReentrancy\v6\Reentrant\Vulnerable\NoEtherLoss\UserDefinedAddress\ReentrantVulnerableNoEtherLossUserDefinedAddress.sol
oyente;v7;source code;CrossFunctionReentrancy;NonReentrant;NonReentrant.sol;0;;0;\Users\Lisa\Documents\Uni\Diplomarbeit\testdata_new\CrossFunctionReentrancy\v7\No\NonReentrant\NonReentrant.sol
oyente;v7;source code;CrossFunctionReentrancy;ReentrantCodePartsFixedAddress;ReentrantCodePartsFixedAddress.sol;0;;0;\Users\Lisa\Documents\Uni\Diplomarbeit\testdata_new\CrossFunctionReentrancy\v7\No\ReentrantCodeParts\FixedAddress\ReentrantCodePartsFixedAddress.sol
oyente;v7;source code;CrossFunctionReentrancy;ReentrantCodePartsUserDefinedAddress;ReentrantCodePartsUserDefinedAddress.sol;0;;0;\Users\Lisa\Documents\Uni\Diplomarbeit\testdata_new\CrossFunctionReentrancy\v7\No\ReentrantCodeParts\UserDefinedAddress\ReentrantCodePartsUserDefinedAddress.sol
oyente;v7;source code;CrossFunctionReentrancy;SendFixedAddress;PossiblySendFixedAddress.sol;0;;0;\Users\Lisa\Documents\Uni\Diplomarbeit\testdata_new\CrossFunctionReentrancy\v7\Possibly\Send\FixedAddress\PossiblySendFixedAddress.sol
oyente;v7;source code;CrossFunctionReentrancy;SendUserDefinedAddress;PossiblySendUserDefinedAddress.sol;0;;0;\Users\Lisa\Documents\Uni\Diplomarbeit\testdata_new\CrossFunctionReentrancy\v7\Possibly\Send\UserDefinedAddress\PossiblySendUserDefinedAddress.sol
oyente;v7;source code;CrossFunctionReentrancy;TransferFixedAddress;PossiblyTransferFixedAddress.sol;0;;0;\Users\Lisa\Documents\Uni\Diplomarbeit\testdata_new\CrossFunctionReentrancy\v7\Possibly\Transfer\FixedAddress\PossiblyTransferFixedAddress.sol
oyente;v7;source code;CrossFunctionReentrancy;TransferUserDefinedAddress;PossiblyTransferUserDefinedAddress.sol;0;;0;\Users\Lisa\Documents\Uni\Diplomarbeit\testdata_new\CrossFunctionReentrancy\v7\Possibly\Transfer\UserDefinedAddress\PossiblyTransferUserDefinedAddress.sol
oyente;v7;source code;CrossFunctionReentrancy;NonVulnerableFixedAddress;ReentrantNonVulnerableFixedAddress.sol;0;;0;\Users\Lisa\Documents\Uni\Diplomarbeit\testdata_new\CrossFunctionReentrancy\v7\Reentrant\NonVulnerable\FixedAddress\ReentrantNonVulnerableFixedAddress.sol
oyente;v7;source code;CrossFunctionReentrancy;NonVulnerableUserDefinedAddress;ReentrantNonVulnerableUserDefinedAddress.sol;0;;0;\Users\Lisa\Documents\Uni\Diplomarbeit\testdata_new\CrossFunctionReentrancy\v7\Reentrant\NonVulnerable\UserDefinedAddress\ReentrantNonVulnerableUserDefinedAddress.sol
oyente;v7;source code;CrossFunctionReentrancy;VulnerableEtherLossFixedAddress;ReentrantVulnerableEtherLossFixedAddress.sol;1;;1;\Users\Lisa\Documents\Uni\Diplomarbeit\testdata_new\CrossFunctionReentrancy\v7\Reentrant\Vulnerable\EtherLoss\FixedAddress\ReentrantVulnerableEtherLossFixedAddress.sol
oyente;v7;source code;CrossFunctionReentrancy;VulnerableEtherLossUserDefinedAddress;ReentrantVulnerableEtherLossUserDefinedAddress.sol;1;;1;\Users\Lisa\Documents\Uni\Diplomarbeit\testdata_new\CrossFunctionReentrancy\v7\Reentrant\Vulnerable\EtherLoss\UserDefinedAddress\ReentrantVulnerableEtherLossUserDefinedAddress.sol
oyente;v7;source code;CrossFunctionReentrancy;VulnerableNoEtherLossFixedAddress;ReentrantVulnerableNoEtherLossFixedAddress.sol;0;;1;\Users\Lisa\Documents\Uni\Diplomarbeit\testdata_new\CrossFunctionReentrancy\v7\Reentrant\Vulnerable\NoEtherLoss\FixedAddress\ReentrantVulnerableNoEtherLossFixedAddress.sol
oyente;v7;source code;CrossFunctionReentrancy;VulnerableNoEtherLossUserDefinedAddress;ReentrantVulnerableNoEtherLossUserDefinedAddress.sol;0;;1;\Users\Lisa\Documents\Uni\Diplomarbeit\testdata_new\CrossFunctionReentrancy\v7\Reentrant\Vulnerable\NoEtherLoss\UserDefinedAddress\ReentrantVulnerableNoEtherLossUserDefinedAddress.sol
oyente;v4;source code;DelegatedReentrancy;ReentrantCodePartsFixedAddress;ReentrantCodePartsFixedAddress.sol;1;;0;\Users\Lisa\Documents\Uni\Diplomarbeit\testdata_new\DelegatedReentrancy\v4\No\ReentrantCodeParts\FixedAddress\ReentrantCodePartsFixedAddress.sol
oyente;v4;source code;DelegatedReentrancy;ReentrantCodePartsUserDefinedAddress;ReentrantCodePartsUserDefinedAddress.sol;1;;0;\Users\Lisa\Documents\Uni\Diplomarbeit\testdata_new\DelegatedReentrancy\v4\No\ReentrantCodeParts\UserDefinedAddress\ReentrantCodePartsUserDefinedAddress.sol
oyente;v4;source code;DelegatedReentrancy;SendFixedAddress;PossiblySendFixedAddress.sol;0;;0;\Users\Lisa\Documents\Uni\Diplomarbeit\testdata_new\DelegatedReentrancy\v4\Possibly\Send\FixedAddress\PossiblySendFixedAddress.sol
oyente;v4;source code;DelegatedReentrancy;SendUserDefinedAddress;PossiblySendUserDefinedAddress.sol;0;;0;\Users\Lisa\Documents\Uni\Diplomarbeit\testdata_new\DelegatedReentrancy\v4\Possibly\Send\UserDefinedAddress\PossiblySendUserDefinedAddress.sol
oyente;v4;source code;DelegatedReentrancy;TransferFixedAddress;PossiblyTransferFixedAddress.sol;0;;0;\Users\Lisa\Documents\Uni\Diplomarbeit\testdata_new\DelegatedReentrancy\v4\Possibly\Transfer\FixedAddress\PossiblyTransferFixedAddress.sol
oyente;v4;source code;DelegatedReentrancy;TransferUserDefinedAddress;PossiblyTransferUserDefinedAddress.sol;0;;0;\Users\Lisa\Documents\Uni\Diplomarbeit\testdata_new\DelegatedReentrancy\v4\Possibly\Transfer\UserDefinedAddress\PossiblyTransferUserDefinedAddress.sol
oyente;v4;source code;DelegatedReentrancy;NonVulnerableFixedAddress;ReentrantNonVulnerableFixedAddress.sol;0;;0;\Users\Lisa\Documents\Uni\Diplomarbeit\testdata_new\DelegatedReentrancy\v4\Reentrant\NonVulnerable\FixedAddress\ReentrantNonVulnerableFixedAddress.sol
oyente;v4;source code;DelegatedReentrancy;NonVulnerableUserDefinedAddress;ReentrantNonVulnerableUserDefinedAddress.sol;0;;0;\Users\Lisa\Documents\Uni\Diplomarbeit\testdata_new\DelegatedReentrancy\v4\Reentrant\NonVulnerable\UserDefinedAddress\ReentrantNonVulnerableUserDefinedAddress.sol
oyente;v4;source code;DelegatedReentrancy;VulnerableEtherLossFixedAddress;ReentrantVulnerableEtherLossFixedAddress.sol;1;;1;\Users\Lisa\Documents\Uni\Diplomarbeit\testdata_new\DelegatedReentrancy\v4\Reentrant\Vulnerable\EtherLoss\FixedAddress\ReentrantVulnerableEtherLossFixedAddress.sol
oyente;v4;source code;DelegatedReentrancy;VulnerableEtherLossUserDefinedAddress;ReentrantVulnerableEtherLossUserDefinedAddress.sol;1;;1;\Users\Lisa\Documents\Uni\Diplomarbeit\testdata_new\DelegatedReentrancy\v4\Reentrant\Vulnerable\EtherLoss\UserDefinedAddress\ReentrantVulnerableEtherLossUserDefinedAddress.sol
oyente;v4;source code;DelegatedReentrancy;VulnerableNoEtherLossFixedAddress;ReentrantVulnerableNoEtherLossFixedAddress.sol;0;;1;\Users\Lisa\Documents\Uni\Diplomarbeit\testdata_new\DelegatedReentrancy\v4\Reentrant\Vulnerable\NoEtherLoss\FixedAddress\ReentrantVulnerableNoEtherLossFixedAddress.sol
oyente;v4;source code;DelegatedReentrancy;VulnerableNoEtherLossUserDefinedAddress;ReentrantVulnerableNoEtherLossUserDefinedAddress.sol;0;;1;\Users\Lisa\Documents\Uni\Diplomarbeit\testdata_new\DelegatedReentrancy\v4\Reentrant\Vulnerable\NoEtherLoss\UserDefinedAddress\ReentrantVulnerableNoEtherLossUserDefinedAddress.sol
oyente;v5;source code;DelegatedReentrancy;ReentrantCodePartsFixedAddress;ReentrantCodePartsFixedAddress.sol;1;;0;\Users\Lisa\Documents\Uni\Diplomarbeit\testdata_new\DelegatedReentrancy\v5\No\ReentrantCodeParts\FixedAddress\ReentrantCodePartsFixedAddress.sol
oyente;v5;source code;DelegatedReentrancy;ReentrantCodePartsUserDefinedAddress;ReentrantCodePartsUserDefinedAddress.sol;1;;0;\Users\Lisa\Documents\Uni\Diplomarbeit\testdata_new\DelegatedReentrancy\v5\No\ReentrantCodeParts\UserDefinedAddress\ReentrantCodePartsUserDefinedAddress.sol
oyente;v5;source code;DelegatedReentrancy;SendFixedAddress;PossiblySendFixedAddress.sol;0;;0;\Users\Lisa\Documents\Uni\Diplomarbeit\testdata_new\DelegatedReentrancy\v5\Possibly\Send\FixedAddress\PossiblySendFixedAddress.sol
oyente;v5;source code;DelegatedReentrancy;SendUserDefinedAddress;PossiblySendUserDefinedAddress.sol;0;;0;\Users\Lisa\Documents\Uni\Diplomarbeit\testdata_new\DelegatedReentrancy\v5\Possibly\Send\UserDefinedAddress\PossiblySendUserDefinedAddress.sol
oyente;v5;source code;DelegatedReentrancy;TransferFixedAddress;PossiblyTransferFixedAddress.sol;0;;0;\Users\Lisa\Documents\Uni\Diplomarbeit\testdata_new\DelegatedReentrancy\v5\Possibly\Transfer\FixedAddress\PossiblyTransferFixedAddress.sol
oyente;v5;source code;DelegatedReentrancy;TransferUserDefinedAddress;PossiblyTransferUserDefinedAddress.sol;0;;0;\Users\Lisa\Documents\Uni\Diplomarbeit\testdata_new\DelegatedReentrancy\v5\Possibly\Transfer\UserDefinedAddress\PossiblyTransferUserDefinedAddress.sol
oyente;v5;source code;DelegatedReentrancy;NonVulnerableFixedAddress;ReentrantNonVulnerableFixedAddress.sol;0;;0;\Users\Lisa\Documents\Uni\Diplomarbeit\testdata_new\DelegatedReentrancy\v5\Reentrant\NonVulnerable\FixedAddress\ReentrantNonVulnerableFixedAddress.sol
oyente;v5;source code;DelegatedReentrancy;NonVulnerableUserDefinedAddress;ReentrantNonVulnerableUserDefinedAddress.sol;0;;0;\Users\Lisa\Documents\Uni\Diplomarbeit\testdata_new\DelegatedReentrancy\v5\Reentrant\NonVulnerable\UserDefinedAddress\ReentrantNonVulnerableUserDefinedAddress.sol
oyente;v5;source code;DelegatedReentrancy;VulnerableEtherLossFixedAddress;ReentrantVulnerableEtherLossFixedAddress.sol;0;;1;\Users\Lisa\Documents\Uni\Diplomarbeit\testdata_new\DelegatedReentrancy\v5\Reentrant\Vulnerable\EtherLoss\FixedAddress\ReentrantVulnerableEtherLossFixedAddress.sol
oyente;v5;source code;DelegatedReentrancy;VulnerableEtherLossUserDefinedAddress;ReentrantVulnerableEtherLossUserDefinedAddress.sol;0;;1;\Users\Lisa\Documents\Uni\Diplomarbeit\testdata_new\DelegatedReentrancy\v5\Reentrant\Vulnerable\EtherLoss\UserDefinedAddress\ReentrantVulnerableEtherLossUserDefinedAddress.sol
oyente;v5;source code;DelegatedReentrancy;VulnerableNoEtherLossFixedAddress;ReentrantVulnerableNoEtherLossFixedAddress.sol;0;;1;\Users\Lisa\Documents\Uni\Diplomarbeit\testdata_new\DelegatedReentrancy\v5\Reentrant\Vulnerable\NoEtherLoss\FixedAddress\ReentrantVulnerableNoEtherLossFixedAddress.sol
oyente;v5;source code;DelegatedReentrancy;VulnerableNoEtherLossUserDefinedAddress;ReentrantVulnerableNoEtherLossUserDefinedAddress.sol;0;;1;\Users\Lisa\Documents\Uni\Diplomarbeit\testdata_new\DelegatedReentrancy\v5\Reentrant\Vulnerable\NoEtherLoss\UserDefinedAddress\ReentrantVulnerableNoEtherLossUserDefinedAddress.sol
oyente;v6;source code;DelegatedReentrancy;ReentrantCodePartsFixedAddress;ReentrantCodePartsFixedAddress.sol;1;;0;\Users\Lisa\Documents\Uni\Diplomarbeit\testdata_new\DelegatedReentrancy\v6\No\ReentrantCodeParts\FixedAddress\ReentrantCodePartsFixedAddress.sol
oyente;v6;source code;DelegatedReentrancy;ReentrantCodePartsUserDefinedAddress;ReentrantCodePartsUserDefinedAddress.sol;1;;0;\Users\Lisa\Documents\Uni\Diplomarbeit\testdata_new\DelegatedReentrancy\v6\No\ReentrantCodeParts\UserDefinedAddress\ReentrantCodePartsUserDefinedAddress.sol
oyente;v6;source code;DelegatedReentrancy;SendFixedAddress;PossiblySendFixedAddress.sol;0;;0;\Users\Lisa\Documents\Uni\Diplomarbeit\testdata_new\DelegatedReentrancy\v6\Possibly\Send\FixedAddress\PossiblySendFixedAddress.sol
oyente;v6;source code;DelegatedReentrancy;SendUserDefinedAddress;PossiblySendUserDefinedAddress.sol;0;;0;\Users\Lisa\Documents\Uni\Diplomarbeit\testdata_new\DelegatedReentrancy\v6\Possibly\Send\UserDefinedAddress\PossiblySendUserDefinedAddress.sol
oyente;v6;source code;DelegatedReentrancy;TransferFixedAddress;PossiblyTransferFixedAddress.sol;0;;0;\Users\Lisa\Documents\Uni\Diplomarbeit\testdata_new\DelegatedReentrancy\v6\Possibly\Transfer\FixedAddress\PossiblyTransferFixedAddress.sol
oyente;v6;source code;DelegatedReentrancy;TransferUserDefinedAddress;PossiblyTransferUserDefinedAddress.sol;0;;0;\Users\Lisa\Documents\Uni\Diplomarbeit\testdata_new\DelegatedReentrancy\v6\Possibly\Transfer\UserDefinedAddress\PossiblyTransferUserDefinedAddress.sol
oyente;v6;source code;DelegatedReentrancy;NonVulnerableFixedAddress;ReentrantNonVulnerableFixedAddress.sol;0;;0;\Users\Lisa\Documents\Uni\Diplomarbeit\testdata_new\DelegatedReentrancy\v6\Reentrant\NonVulnerable\FixedAddress\ReentrantNonVulnerableFixedAddress.sol
oyente;v6;source code;DelegatedReentrancy;NonVulnerableUserDefinedAddress;ReentrantNonVulnerableUserDefinedAddress.sol;0;;0;\Users\Lisa\Documents\Uni\Diplomarbeit\testdata_new\DelegatedReentrancy\v6\Reentrant\NonVulnerable\UserDefinedAddress\ReentrantNonVulnerableUserDefinedAddress.sol
oyente;v6;source code;DelegatedReentrancy;VulnerableEtherLossFixedAddress;ReentrantVulnerableEtherLossFixedAddress.sol;0;;1;\Users\Lisa\Documents\Uni\Diplomarbeit\testdata_new\DelegatedReentrancy\v6\Reentrant\Vulnerable\EtherLoss\FixedAddress\ReentrantVulnerableEtherLossFixedAddress.sol
oyente;v6;source code;DelegatedReentrancy;VulnerableEtherLossUserDefinedAddress;ReentrantVulnerableEtherLossUserDefinedAddress.sol;1;;1;\Users\Lisa\Documents\Uni\Diplomarbeit\testdata_new\DelegatedReentrancy\v6\Reentrant\Vulnerable\EtherLoss\UserDefinedAddress\ReentrantVulnerableEtherLossUserDefinedAddress.sol
oyente;v6;source code;DelegatedReentrancy;VulnerableNoEtherLossFixedAddress;ReentrantVulnerableNoEtherLossFixedAddress.sol;0;;1;\Users\Lisa\Documents\Uni\Diplomarbeit\testdata_new\DelegatedReentrancy\v6\Reentrant\Vulnerable\NoEtherLoss\FixedAddress\ReentrantVulnerableNoEtherLossFixedAddress.sol
oyente;v6;source code;DelegatedReentrancy;VulnerableNoEtherLossUserDefinedAddress;ReentrantVulnerableNoEtherLossUserDefinedAddress.sol;0;;1;\Users\Lisa\Documents\Uni\Diplomarbeit\testdata_new\DelegatedReentrancy\v6\Reentrant\Vulnerable\NoEtherLoss\UserDefinedAddress\ReentrantVulnerableNoEtherLossUserDefinedAddress.sol
oyente;v7;source code;DelegatedReentrancy;ReentrantCodePartsFixedAddress;ReentrantCodePartsFixedAddress.sol;1;;0;\Users\Lisa\Documents\Uni\Diplomarbeit\testdata_new\DelegatedReentrancy\v7\No\ReentrantCodeParts\FixedAddress\ReentrantCodePartsFixedAddress.sol
oyente;v7;source code;DelegatedReentrancy;ReentrantCodePartsUserDefinedAddress;ReentrantCodePartsUserDefinedAddress.sol;0;;0;\Users\Lisa\Documents\Uni\Diplomarbeit\testdata_new\DelegatedReentrancy\v7\No\ReentrantCodeParts\UserDefinedAddress\ReentrantCodePartsUserDefinedAddress.sol
oyente;v7;source code;DelegatedReentrancy;SendFixedAddress;PossiblySendFixedAddress.sol;0;;0;\Users\Lisa\Documents\Uni\Diplomarbeit\testdata_new\DelegatedReentrancy\v7\Possibly\Send\FixedAddress\PossiblySendFixedAddress.sol
oyente;v7;source code;DelegatedReentrancy;SendUserDefinedAddress;PossiblySendUserDefinedAddress.sol;0;;0;\Users\Lisa\Documents\Uni\Diplomarbeit\testdata_new\DelegatedReentrancy\v7\Possibly\Send\UserDefinedAddress\PossiblySendUserDefinedAddress.sol
oyente;v7;source code;DelegatedReentrancy;TransferFixedAddress;PossiblyTransferFixedAddress.sol;0;;0;\Users\Lisa\Documents\Uni\Diplomarbeit\testdata_new\DelegatedReentrancy\v7\Possibly\Transfer\FixedAddress\PossiblyTransferFixedAddress.sol
oyente;v7;source code;DelegatedReentrancy;TransferUserDefinedAddress;PossiblyTransferUserDefinedAddress.sol;0;;0;\Users\Lisa\Documents\Uni\Diplomarbeit\testdata_new\DelegatedReentrancy\v7\Possibly\Transfer\UserDefinedAddress\PossiblyTransferUserDefinedAddress.sol
oyente;v7;source code;DelegatedReentrancy;NonVulnerableFixedAddress;ReentrantNonVulnerableFixedAddress.sol;0;;0;\Users\Lisa\Documents\Uni\Diplomarbeit\testdata_new\DelegatedReentrancy\v7\Reentrant\NonVulnerable\FixedAddress\ReentrantNonVulnerableFixedAddress.sol
oyente;v7;source code;DelegatedReentrancy;NonVulnerableUserDefinedAddress;ReentrantNonVulnerableUserDefinedAddress.sol;0;;0;\Users\Lisa\Documents\Uni\Diplomarbeit\testdata_new\DelegatedReentrancy\v7\Reentrant\NonVulnerable\UserDefinedAddress\ReentrantNonVulnerableUserDefinedAddress.sol
oyente;v7;source code;DelegatedReentrancy;VulnerableEtherLossFixedAddress;ReentrantVulnerableEtherLossFixedAddress.sol;1;;1;\Users\Lisa\Documents\Uni\Diplomarbeit\testdata_new\DelegatedReentrancy\v7\Reentrant\Vulnerable\EtherLoss\FixedAddress\ReentrantVulnerableEtherLossFixedAddress.sol
oyente;v7;source code;DelegatedReentrancy;VulnerableEtherLossUserDefinedAddress;ReentrantVulnerableEtherLossUserDefinedAddress.sol;1;;1;\Users\Lisa\Documents\Uni\Diplomarbeit\testdata_new\DelegatedReentrancy\v7\Reentrant\Vulnerable\EtherLoss\UserDefinedAddress\ReentrantVulnerableEtherLossUserDefinedAddress.sol
oyente;v7;source code;DelegatedReentrancy;VulnerableNoEtherLossFixedAddress;ReentrantVulnerableNoEtherLossFixedAddress.sol;0;;1;\Users\Lisa\Documents\Uni\Diplomarbeit\testdata_new\DelegatedReentrancy\v7\Reentrant\Vulnerable\NoEtherLoss\FixedAddress\ReentrantVulnerableNoEtherLossFixedAddress.sol
oyente;v7;source code;DelegatedReentrancy;VulnerableNoEtherLossUserDefinedAddress;ReentrantVulnerableNoEtherLossUserDefinedAddress.sol;0;;1;\Users\Lisa\Documents\Uni\Diplomarbeit\testdata_new\DelegatedReentrancy\v7\Reentrant\Vulnerable\NoEtherLoss\UserDefinedAddress\ReentrantVulnerableNoEtherLossUserDefinedAddress.sol
oyente;v4;source code;SameFunctionReentrancy;NonReentrant;NonReentrant.sol;0;;0;\Users\Lisa\Documents\Uni\Diplomarbeit\testdata_new\SameFunctionReentrancy\v4\No\NonReentrant\NonReentrant.sol
oyente;v4;source code;SameFunctionReentrancy;ReentrantCodePartsFixedAddress;ReentrantCodePartsFixedAddress.sol;0;;0;\Users\Lisa\Documents\Uni\Diplomarbeit\testdata_new\SameFunctionReentrancy\v4\No\ReentrantCodeParts\FixedAddress\ReentrantCodePartsFixedAddress.sol
oyente;v4;source code;SameFunctionReentrancy;ReentrantCodePartsUserDefinedAddress;ReentrantCodePartsUserDefinedAddress.sol;0;;0;\Users\Lisa\Documents\Uni\Diplomarbeit\testdata_new\SameFunctionReentrancy\v4\No\ReentrantCodeParts\UserDefinedAddress\ReentrantCodePartsUserDefinedAddress.sol
oyente;v4;source code;SameFunctionReentrancy;SendFixedAddress;PossiblySendFixedAddress.sol;0;;0;\Users\Lisa\Documents\Uni\Diplomarbeit\testdata_new\SameFunctionReentrancy\v4\Possibly\Send\FixedAddress\PossiblySendFixedAddress.sol
oyente;v4;source code;SameFunctionReentrancy;SendUserDefinedAddress;PossiblySendUserDefinedAddress.sol;0;;0;\Users\Lisa\Documents\Uni\Diplomarbeit\testdata_new\SameFunctionReentrancy\v4\Possibly\Send\UserDefinedAddress\PossiblySendUserDefinedAddress.sol
oyente;v4;source code;SameFunctionReentrancy;TransferFixedAddress;PossiblyTransferFixedAddress.sol;0;;0;\Users\Lisa\Documents\Uni\Diplomarbeit\testdata_new\SameFunctionReentrancy\v4\Possibly\Transfer\FixedAddress\PossiblyTransferFixedAddress.sol
oyente;v4;source code;SameFunctionReentrancy;TransferUserDefinedAddress;PossiblyTransferUserDefinedAddress.sol;0;;0;\Users\Lisa\Documents\Uni\Diplomarbeit\testdata_new\SameFunctionReentrancy\v4\Possibly\Transfer\UserDefinedAddress\PossiblyTransferUserDefinedAddress.sol
oyente;v4;source code;SameFunctionReentrancy;NonVulnerableFixedAddress;ReentrantNonVulnerableFixedAddress.sol;0;;0;\Users\Lisa\Documents\Uni\Diplomarbeit\testdata_new\SameFunctionReentrancy\v4\Reentrant\NonVulnerable\FixedAddress\ReentrantNonVulnerableFixedAddress.sol
oyente;v4;source code;SameFunctionReentrancy;NonVulnerableUserDefinedAddress;ReentrantNonVulnerableUserDefinedAddress.sol;0;;0;\Users\Lisa\Documents\Uni\Diplomarbeit\testdata_new\SameFunctionReentrancy\v4\Reentrant\NonVulnerable\UserDefinedAddress\ReentrantNonVulnerableUserDefinedAddress.sol
oyente;v4;source code;SameFunctionReentrancy;VulnerableEtherLossFixedAddress;ReentrantVulnerableEtherLossFixedAddress.sol;1;;1;\Users\Lisa\Documents\Uni\Diplomarbeit\testdata_new\SameFunctionReentrancy\v4\Reentrant\Vulnerable\EtherLoss\FixedAddress\ReentrantVulnerableEtherLossFixedAddress.sol
oyente;v4;source code;SameFunctionReentrancy;VulnerableEtherLossUserDefinedAddress;ReentrantVulnerableEtherLossUserDefinedAddress.sol;1;;1;\Users\Lisa\Documents\Uni\Diplomarbeit\testdata_new\SameFunctionReentrancy\v4\Reentrant\Vulnerable\EtherLoss\UserDefinedAddress\ReentrantVulnerableEtherLossUserDefinedAddress.sol
oyente;v4;source code;SameFunctionReentrancy;VulnerableNoEtherLossFixedAddress;ReentrantVulnerableNoEtherLossFixedAddress.sol;0;;1;\Users\Lisa\Documents\Uni\Diplomarbeit\testdata_new\SameFunctionReentrancy\v4\Reentrant\Vulnerable\NoEtherLoss\FixedAddress\ReentrantVulnerableNoEtherLossFixedAddress.sol
oyente;v4;source code;SameFunctionReentrancy;VulnerableNoEtherLossUserDefinedAddress;ReentrantVulnerableNoEtherLossUserDefinedAddress.sol;0;;1;\Users\Lisa\Documents\Uni\Diplomarbeit\testdata_new\SameFunctionReentrancy\v4\Reentrant\Vulnerable\NoEtherLoss\UserDefinedAddress\ReentrantVulnerableNoEtherLossUserDefinedAddress.sol
oyente;v5;source code;SameFunctionReentrancy;NonReentrant;NonReentrant.sol;0;;0;\Users\Lisa\Documents\Uni\Diplomarbeit\testdata_new\SameFunctionReentrancy\v5\No\NonReentrant\NonReentrant.sol
oyente;v5;source code;SameFunctionReentrancy;ReentrantCodePartsFixedAddress;ReentrantCodePartsFixedAddress.sol;0;;0;\Users\Lisa\Documents\Uni\Diplomarbeit\testdata_new\SameFunctionReentrancy\v5\No\ReentrantCodeParts\FixedAddress\ReentrantCodePartsFixedAddress.sol
oyente;v5;source code;SameFunctionReentrancy;ReentrantCodePartsUserDefinedAddress;ReentrantCodePartsUserDefinedAddress.sol;0;;0;\Users\Lisa\Documents\Uni\Diplomarbeit\testdata_new\SameFunctionReentrancy\v5\No\ReentrantCodeParts\UserDefinedAddress\ReentrantCodePartsUserDefinedAddress.sol
oyente;v5;source code;SameFunctionReentrancy;SendFixedAddress;PossiblySendFixedAddress.sol;0;;0;\Users\Lisa\Documents\Uni\Diplomarbeit\testdata_new\SameFunctionReentrancy\v5\Possibly\Send\FixedAddress\PossiblySendFixedAddress.sol
oyente;v5;source code;SameFunctionReentrancy;SendUserDefinedAddress;PossiblySendUserDefinedAddress.sol;0;;0;\Users\Lisa\Documents\Uni\Diplomarbeit\testdata_new\SameFunctionReentrancy\v5\Possibly\Send\UserDefinedAddress\PossiblySendUserDefinedAddress.sol
oyente;v5;source code;SameFunctionReentrancy;TransferFixedAddress;PossiblyTransferFixedAddress.sol;0;;0;\Users\Lisa\Documents\Uni\Diplomarbeit\testdata_new\SameFunctionReentrancy\v5\Possibly\Transfer\FixedAddress\PossiblyTransferFixedAddress.sol
oyente;v5;source code;SameFunctionReentrancy;TransferUserDefinedAddress;PossiblyTransferUserDefinedAddress.sol;0;;0;\Users\Lisa\Documents\Uni\Diplomarbeit\testdata_new\SameFunctionReentrancy\v5\Possibly\Transfer\UserDefinedAddress\PossiblyTransferUserDefinedAddress.sol
oyente;v5;source code;SameFunctionReentrancy;NonVulnerableFixedAddress;ReentrantNonVulnerableFixedAddress.sol;0;;0;\Users\Lisa\Documents\Uni\Diplomarbeit\testdata_new\SameFunctionReentrancy\v5\Reentrant\NonVulnerable\FixedAddress\ReentrantNonVulnerableFixedAddress.sol
oyente;v5;source code;SameFunctionReentrancy;NonVulnerableUserDefinedAddress;ReentrantNonVulnerableUserDefinedAddress.sol;0;;0;\Users\Lisa\Documents\Uni\Diplomarbeit\testdata_new\SameFunctionReentrancy\v5\Reentrant\NonVulnerable\UserDefinedAddress\ReentrantNonVulnerableUserDefinedAddress.sol
oyente;v5;source code;SameFunctionReentrancy;VulnerableEtherLossFixedAddress;ReentrantVulnerableEtherLossFixedAddress.sol;1;;1;\Users\Lisa\Documents\Uni\Diplomarbeit\testdata_new\SameFunctionReentrancy\v5\Reentrant\Vulnerable\EtherLoss\FixedAddress\ReentrantVulnerableEtherLossFixedAddress.sol
oyente;v5;source code;SameFunctionReentrancy;VulnerableEtherLossUserDefinedAddress;ReentrantVulnerableEtherLossUserDefinedAddress.sol;1;;1;\Users\Lisa\Documents\Uni\Diplomarbeit\testdata_new\SameFunctionReentrancy\v5\Reentrant\Vulnerable\EtherLoss\UserDefinedAddress\ReentrantVulnerableEtherLossUserDefinedAddress.sol
oyente;v5;source code;SameFunctionReentrancy;VulnerableNoEtherLossFixedAddress;ReentrantVulnerableNoEtherLossFixedAddress.sol;0;;1;\Users\Lisa\Documents\Uni\Diplomarbeit\testdata_new\SameFunctionReentrancy\v5\Reentrant\Vulnerable\NoEtherLoss\FixedAddress\ReentrantVulnerableNoEtherLossFixedAddress.sol
oyente;v5;source code;SameFunctionReentrancy;VulnerableNoEtherLossUserDefinedAddress;ReentrantVulnerableNoEtherLossUserDefinedAddress.sol;0;;1;\Users\Lisa\Documents\Uni\Diplomarbeit\testdata_new\SameFunctionReentrancy\v5\Reentrant\Vulnerable\NoEtherLoss\UserDefinedAddress\ReentrantVulnerableNoEtherLossUserDefinedAddress.sol
oyente;v6;source code;SameFunctionReentrancy;NonReentrant;NonReentrant.sol;0;;0;\Users\Lisa\Documents\Uni\Diplomarbeit\testdata_new\SameFunctionReentrancy\v6\No\NonReentrant\NonReentrant.sol
oyente;v6;source code;SameFunctionReentrancy;ReentrantCodePartsFixedAddress;ReentrantCodePartsFixedAddress.sol;0;;0;\Users\Lisa\Documents\Uni\Diplomarbeit\testdata_new\SameFunctionReentrancy\v6\No\ReentrantCodeParts\FixedAddress\ReentrantCodePartsFixedAddress.sol
oyente;v6;source code;SameFunctionReentrancy;ReentrantCodePartsUserDefinedAddress;ReentrantCodePartsUserDefinedAddress.sol;0;;0;\Users\Lisa\Documents\Uni\Diplomarbeit\testdata_new\SameFunctionReentrancy\v6\No\ReentrantCodeParts\UserDefinedAddress\ReentrantCodePartsUserDefinedAddress.sol
oyente;v6;source code;SameFunctionReentrancy;SendFixedAddress;PossiblySendFixedAddress.sol;0;;0;\Users\Lisa\Documents\Uni\Diplomarbeit\testdata_new\SameFunctionReentrancy\v6\Possibly\Send\FixedAddress\PossiblySendFixedAddress.sol
oyente;v6;source code;SameFunctionReentrancy;SendUserDefinedAddress;PossiblySendUserDefinedAddress.sol;0;;0;\Users\Lisa\Documents\Uni\Diplomarbeit\testdata_new\SameFunctionReentrancy\v6\Possibly\Send\UserDefinedAddress\PossiblySendUserDefinedAddress.sol
oyente;v6;source code;SameFunctionReentrancy;TransferFixedAddress;PossiblyTransferFixedAddress.sol;0;;0;\Users\Lisa\Documents\Uni\Diplomarbeit\testdata_new\SameFunctionReentrancy\v6\Possibly\Transfer\FixedAddress\PossiblyTransferFixedAddress.sol
oyente;v6;source code;SameFunctionReentrancy;TransferUserDefinedAddress;PossiblyTransferUserDefinedAddress.sol;0;;0;\Users\Lisa\Documents\Uni\Diplomarbeit\testdata_new\SameFunctionReentrancy\v6\Possibly\Transfer\UserDefinedAddress\PossiblyTransferUserDefinedAddress.sol
oyente;v6;source code;SameFunctionReentrancy;NonVulnerableFixedAddress;ReentrantNonVulnerableFixedAddress.sol;0;;0;\Users\Lisa\Documents\Uni\Diplomarbeit\testdata_new\SameFunctionReentrancy\v6\Reentrant\NonVulnerable\FixedAddress\ReentrantNonVulnerableFixedAddress.sol
oyente;v6;source code;SameFunctionReentrancy;NonVulnerableUserDefinedAddress;ReentrantNonVulnerableUserDefinedAddress.sol;0;;0;\Users\Lisa\Documents\Uni\Diplomarbeit\testdata_new\SameFunctionReentrancy\v6\Reentrant\NonVulnerable\UserDefinedAddress\ReentrantNonVulnerableUserDefinedAddress.sol
oyente;v6;source code;SameFunctionReentrancy;VulnerableEtherLossFixedAddress;ReentrantVulnerableEtherLossFixedAddress.sol;1;;1;\Users\Lisa\Documents\Uni\Diplomarbeit\testdata_new\SameFunctionReentrancy\v6\Reentrant\Vulnerable\EtherLoss\FixedAddress\ReentrantVulnerableEtherLossFixedAddress.sol
oyente;v6;source code;SameFunctionReentrancy;VulnerableEtherLossUserDefinedAddress;ReentrantVulnerableEtherLossUserDefinedAddress.sol;1;;1;\Users\Lisa\Documents\Uni\Diplomarbeit\testdata_new\SameFunctionReentrancy\v6\Reentrant\Vulnerable\EtherLoss\UserDefinedAddress\ReentrantVulnerableEtherLossUserDefinedAddress.sol
oyente;v6;source code;SameFunctionReentrancy;VulnerableNoEtherLossFixedAddress;ReentrantVulnerableNoEtherLossFixedAddress.sol;0;;1;\Users\Lisa\Documents\Uni\Diplomarbeit\testdata_new\SameFunctionReentrancy\v6\Reentrant\Vulnerable\NoEtherLoss\FixedAddress\ReentrantVulnerableNoEtherLossFixedAddress.sol
oyente;v6;source code;SameFunctionReentrancy;VulnerableNoEtherLossUserDefinedAddress;ReentrantVulnerableNoEtherLossUserDefinedAddress.sol;0;;1;\Users\Lisa\Documents\Uni\Diplomarbeit\testdata_new\SameFunctionReentrancy\v6\Reentrant\Vulnerable\NoEtherLoss\UserDefinedAddress\ReentrantVulnerableNoEtherLossUserDefinedAddress.sol
oyente;v7;source code;SameFunctionReentrancy;NonReentrant;NonReentrant.sol;0;;0;\Users\Lisa\Documents\Uni\Diplomarbeit\testdata_new\SameFunctionReentrancy\v7\No\NonReentrant\NonReentrant.sol
oyente;v7;source code;SameFunctionReentrancy;ReentrantCodePartsFixedAddress;ReentrantCodePartsFixedAddress.sol;0;;0;\Users\Lisa\Documents\Uni\Diplomarbeit\testdata_new\SameFunctionReentrancy\v7\No\ReentrantCodeParts\FixedAddress\ReentrantCodePartsFixedAddress.sol
oyente;v7;source code;SameFunctionReentrancy;ReentrantCodePartsUserDefinedAddress;ReentrantCodePartsUserDefinedAddress.sol;0;;0;\Users\Lisa\Documents\Uni\Diplomarbeit\testdata_new\SameFunctionReentrancy\v7\No\ReentrantCodeParts\UserDefinedAddress\ReentrantCodePartsUserDefinedAddress.sol
oyente;v7;source code;SameFunctionReentrancy;SendFixedAddress;PossiblySendFixedAddress.sol;0;;0;\Users\Lisa\Documents\Uni\Diplomarbeit\testdata_new\SameFunctionReentrancy\v7\Possibly\Send\FixedAddress\PossiblySendFixedAddress.sol
oyente;v7;source code;SameFunctionReentrancy;SendUserDefinedAddress;PossiblySendUserDefinedAddress.sol;0;;0;\Users\Lisa\Documents\Uni\Diplomarbeit\testdata_new\SameFunctionReentrancy\v7\Possibly\Send\UserDefinedAddress\PossiblySendUserDefinedAddress.sol
oyente;v7;source code;SameFunctionReentrancy;TransferFixedAddress;PossiblyTransferFixedAddress.sol;0;;0;\Users\Lisa\Documents\Uni\Diplomarbeit\testdata_new\SameFunctionReentrancy\v7\Possibly\Transfer\FixedAddress\PossiblyTransferFixedAddress.sol
oyente;v7;source code;SameFunctionReentrancy;TransferUserDefinedAddress;PossiblyTransferUserDefinedAddress.sol;0;;0;\Users\Lisa\Documents\Uni\Diplomarbeit\testdata_new\SameFunctionReentrancy\v7\Possibly\Transfer\UserDefinedAddress\PossiblyTransferUserDefinedAddress.sol
oyente;v7;source code;SameFunctionReentrancy;NonVulnerableFixedAddress;ReentrantNonVulnerableFixedAddress.sol;0;;0;\Users\Lisa\Documents\Uni\Diplomarbeit\testdata_new\SameFunctionReentrancy\v7\Reentrant\NonVulnerable\FixedAddress\ReentrantNonVulnerableFixedAddress.sol
oyente;v7;source code;SameFunctionReentrancy;NonVulnerableUserDefinedAddress;ReentrantNonVulnerableUserDefinedAddress.sol;0;;0;\Users\Lisa\Documents\Uni\Diplomarbeit\testdata_new\SameFunctionReentrancy\v7\Reentrant\NonVulnerable\UserDefinedAddress\ReentrantNonVulnerableUserDefinedAddress.sol
oyente;v7;source code;SameFunctionReentrancy;VulnerableEtherLossFixedAddress;ReentrantVulnerableEtherLossFixedAddress.sol;1;;1;\Users\Lisa\Documents\Uni\Diplomarbeit\testdata_new\SameFunctionReentrancy\v7\Reentrant\Vulnerable\EtherLoss\FixedAddress\ReentrantVulnerableEtherLossFixedAddress.sol
oyente;v7;source code;SameFunctionReentrancy;VulnerableEtherLossUserDefinedAddress;ReentrantVulnerableEtherLossUserDefinedAddress.sol;1;;1;\Users\Lisa\Documents\Uni\Diplomarbeit\testdata_new\SameFunctionReentrancy\v7\Reentrant\Vulnerable\EtherLoss\UserDefinedAddress\ReentrantVulnerableEtherLossUserDefinedAddress.sol
oyente;v7;source code;SameFunctionReentrancy;VulnerableNoEtherLossFixedAddress;ReentrantVulnerableNoEtherLossFixedAddress.sol;0;;1;\Users\Lisa\Documents\Uni\Diplomarbeit\testdata_new\SameFunctionReentrancy\v7\Reentrant\Vulnerable\NoEtherLoss\FixedAddress\ReentrantVulnerableNoEtherLossFixedAddress.sol
oyente;v7;source code;SameFunctionReentrancy;VulnerableNoEtherLossUserDefinedAddress;ReentrantVulnerableNoEtherLossUserDefinedAddress.sol;0;;1;\Users\Lisa\Documents\Uni\Diplomarbeit\testdata_new\SameFunctionReentrancy\v7\Reentrant\Vulnerable\NoEtherLoss\UserDefinedAddress\ReentrantVulnerableNoEtherLossUserDefinedAddress.sol
oyente;v4;source code;DelegatedReentrancy;NonReentrant;NonReentrant.sol;0;;0;\Users\Lisa\Documents\Uni\Diplomarbeit\testdata_new\DelegatedReentrancy\v4\No\NonReentrant\NonReentrant.sol
oyente;v5;source code;DelegatedReentrancy;NonReentrant;NonReentrant.sol;0;;0;\Users\Lisa\Documents\Uni\Diplomarbeit\testdata_new\DelegatedReentrancy\v5\No\NonReentrant\NonReentrant.sol
oyente;v6;source code;DelegatedReentrancy;NonReentrant;NonReentrant.sol;0;;0;\Users\Lisa\Documents\Uni\Diplomarbeit\testdata_new\DelegatedReentrancy\v6\No\NonReentrant\NonReentrant.sol
oyente;v7;source code;DelegatedReentrancy;NonReentrant;NonReentrant.sol;0;;0;\Users\Lisa\Documents\Uni\Diplomarbeit\testdata_new\DelegatedReentrancy\v7\No\NonReentrant\NonReentrant.sol
oyente;v4;source code;CreateBasedReentrancy;SendFixedAddress;PossiblySendFixedAddress.sol;0;;0;\Users\Lisa\Documents\Uni\Diplomarbeit\CreateBasedPossibly\CreateBasedReentrancy\v4\Possibly\Send\FixedAddress\PossiblySendFixedAddress.sol
oyente;v4;source code;CreateBasedReentrancy;SendUserDefinedAddress;PossiblySendUserDefinedAddress.sol;0;;0;\Users\Lisa\Documents\Uni\Diplomarbeit\CreateBasedPossibly\CreateBasedReentrancy\v4\Possibly\Send\UserDefinedAddress\PossiblySendUserDefinedAddress.sol
oyente;v4;source code;CreateBasedReentrancy;TransferFixedAddress;PossiblyTransferFixedAddress.sol;0;;0;\Users\Lisa\Documents\Uni\Diplomarbeit\CreateBasedPossibly\CreateBasedReentrancy\v4\Possibly\Transfer\FixedAddress\PossiblyTransferFixedAddress.sol
oyente;v4;source code;CreateBasedReentrancy;TransferUserDefinedAddress;PossiblyTransferUserDefinedAddress.sol;0;;0;\Users\Lisa\Documents\Uni\Diplomarbeit\CreateBasedPossibly\CreateBasedReentrancy\v4\Possibly\Transfer\UserDefinedAddress\PossiblyTransferUserDefinedAddress.sol
oyente;v5;source code;CreateBasedReentrancy;SendFixedAddress;PossiblySendFixedAddress.sol;0;;0;\Users\Lisa\Documents\Uni\Diplomarbeit\CreateBasedPossibly\CreateBasedReentrancy\v5\Possibly\Send\FixedAddress\PossiblySendFixedAddress.sol
oyente;v5;source code;CreateBasedReentrancy;SendUserDefinedAddress;PossiblySendUserDefinedAddress.sol;0;;0;\Users\Lisa\Documents\Uni\Diplomarbeit\CreateBasedPossibly\CreateBasedReentrancy\v5\Possibly\Send\UserDefinedAddress\PossiblySendUserDefinedAddress.sol
oyente;v5;source code;CreateBasedReentrancy;TransferFixedAddress;PossiblyTransferFixedAddress.sol;0;;0;\Users\Lisa\Documents\Uni\Diplomarbeit\CreateBasedPossibly\CreateBasedReentrancy\v5\Possibly\Transfer\FixedAddress\PossiblyTransferFixedAddress.sol
oyente;v5;source code;CreateBasedReentrancy;TransferUserDefinedAddress;PossiblyTransferUserDefinedAddress.sol;0;;0;\Users\Lisa\Documents\Uni\Diplomarbeit\CreateBasedPossibly\CreateBasedReentrancy\v5\Possibly\Transfer\UserDefinedAddress\PossiblyTransferUserDefinedAddress.sol
oyente;v6;source code;CreateBasedReentrancy;SendFixedAddress;PossiblySendFixedAddress.sol;0;;0;\Users\Lisa\Documents\Uni\Diplomarbeit\CreateBasedPossibly\CreateBasedReentrancy\v6\Possibly\Send\FixedAddress\PossiblySendFixedAddress.sol
oyente;v6;source code;CreateBasedReentrancy;SendUserDefinedAddress;PossiblySendUserDefinedAddress.sol;0;;0;\Users\Lisa\Documents\Uni\Diplomarbeit\CreateBasedPossibly\CreateBasedReentrancy\v6\Possibly\Send\UserDefinedAddress\PossiblySendUserDefinedAddress.sol
oyente;v6;source code;CreateBasedReentrancy;TransferFixedAddress;PossiblyTransferFixedAddress.sol;;1;0;\Users\Lisa\Documents\Uni\Diplomarbeit\CreateBasedPossibly\CreateBasedReentrancy\v6\Possibly\Transfer\FixedAddress\PossiblyTransferFixedAddress.sol
oyente;v6;source code;CreateBasedReentrancy;TransferUserDefinedAddress;PossiblyTransferUserDefinedAddress.sol;0;;0;\Users\Lisa\Documents\Uni\Diplomarbeit\CreateBasedPossibly\CreateBasedReentrancy\v6\Possibly\Transfer\UserDefinedAddress\PossiblyTransferUserDefinedAddress.sol
oyente;v7;source code;CreateBasedReentrancy;SendFixedAddress;PossiblySendFixedAddress.sol;;1;0;\Users\Lisa\Documents\Uni\Diplomarbeit\CreateBasedPossibly\CreateBasedReentrancy\v7\Possibly\Send\FixedAddress\PossiblySendFixedAddress.sol
oyente;v7;source code;CreateBasedReentrancy;SendUserDefinedAddress;PossiblySendUserDefinedAddress.sol;0;;0;\Users\Lisa\Documents\Uni\Diplomarbeit\CreateBasedPossibly\CreateBasedReentrancy\v7\Possibly\Send\UserDefinedAddress\PossiblySendUserDefinedAddress.sol
oyente;v7;source code;CreateBasedReentrancy;TransferFixedAddress;PossiblyTransferFixedAddress.sol;0;;0;\Users\Lisa\Documents\Uni\Diplomarbeit\CreateBasedPossibly\CreateBasedReentrancy\v7\Possibly\Transfer\FixedAddress\PossiblyTransferFixedAddress.sol
oyente;v7;source code;CreateBasedReentrancy;TransferUserDefinedAddress;PossiblyTransferUserDefinedAddress.sol;0;;0;\Users\Lisa\Documents\Uni\Diplomarbeit\CreateBasedPossibly\CreateBasedReentrancy\v7\Possibly\Transfer\UserDefinedAddress\PossiblyTransferUserDefinedAddress.sol
sailfish;v4;source code;CreateBasedReentrancy;NonReentrant;NonReentrant.sol;0;;0;\Users\Lisa\Documents\Uni\Diplomarbeit\testdata_new\CreateBasedReentrancy\v4\No\NonReentrant\NonReentrant.sol
sailfish;v4;source code;CreateBasedReentrancy;ReentrantCodePartsFixedAddress;ReentrantCodePartsFixedAddress.sol;0;;0;\Users\Lisa\Documents\Uni\Diplomarbeit\testdata_new\CreateBasedReentrancy\v4\No\ReentrantCodeParts\FixedAddress\ReentrantCodePartsFixedAddress.sol
sailfish;v4;source code;CreateBasedReentrancy;ReentrantCodePartsUserDefinedAddress;ReentrantCodePartsUserDefinedAddress.sol;0;;0;\Users\Lisa\Documents\Uni\Diplomarbeit\testdata_new\CreateBasedReentrancy\v4\No\ReentrantCodeParts\UserDefinedAddress\ReentrantCodePartsUserDefinedAddress.sol
sailfish;v4;source code;CreateBasedReentrancy;NonVulnerableFixedAddress;ReentrantNonVulnerableFixedAddress.sol;0;;0;\Users\Lisa\Documents\Uni\Diplomarbeit\testdata_new\CreateBasedReentrancy\v4\Reentrant\NonVulnerable\FixedAddress\ReentrantNonVulnerableFixedAddress.sol
sailfish;v4;source code;CreateBasedReentrancy;NonVulnerableUserDefinedAddress;ReentrantNonVulnerableUserDefinedAddress.sol;0;;0;\Users\Lisa\Documents\Uni\Diplomarbeit\testdata_new\CreateBasedReentrancy\v4\Reentrant\NonVulnerable\UserDefinedAddress\ReentrantNonVulnerableUserDefinedAddress.sol
sailfish;v4;source code;CreateBasedReentrancy;VulnerableEtherLossFixedAddress;ReentrantVulnerableEtherLossUserFixedAddress.sol;0;;1;\Users\Lisa\Documents\Uni\Diplomarbeit\testdata_new\CreateBasedReentrancy\v4\Reentrant\Vulnerable\EtherLoss\FixedAddress\ReentrantVulnerableEtherLossUserFixedAddress.sol
sailfish;v4;source code;CreateBasedReentrancy;VulnerableEtherLossUserDefinedAddress;ReentrantVulnerableEtherLossUserDefinedAddress.sol;1;;1;\Users\Lisa\Documents\Uni\Diplomarbeit\testdata_new\CreateBasedReentrancy\v4\Reentrant\Vulnerable\EtherLoss\UserDefinedAddress\ReentrantVulnerableEtherLossUserDefinedAddress.sol
sailfish;v4;source code;CreateBasedReentrancy;VulnerableNoEtherLossFixedAddress;ReentrantVulnerableNoEtherLossFixedAddress.sol;0;;1;\Users\Lisa\Documents\Uni\Diplomarbeit\testdata_new\CreateBasedReentrancy\v4\Reentrant\Vulnerable\NoEtherLoss\FixedAddress\ReentrantVulnerableNoEtherLossFixedAddress.sol
sailfish;v4;source code;CreateBasedReentrancy;VulnerableNoEtherLossUserDefinedAddress;ReentrantVulnerableNoEtherLossUserDefinedAddress.sol;1;;1;\Users\Lisa\Documents\Uni\Diplomarbeit\testdata_new\CreateBasedReentrancy\v4\Reentrant\Vulnerable\NoEtherLoss\UserDefinedAddress\ReentrantVulnerableNoEtherLossUserDefinedAddress.sol
sailfish;v5;source code;CreateBasedReentrancy;NonReentrant;NonReentrant.sol;0;;0;\Users\Lisa\Documents\Uni\Diplomarbeit\testdata_new\CreateBasedReentrancy\v5\No\NonReentrant\NonReentrant.sol
sailfish;v5;source code;CreateBasedReentrancy;ReentrantCodePartsFixedAddress;ReentrantCodePartsFixedAddress.sol;0;;0;\Users\Lisa\Documents\Uni\Diplomarbeit\testdata_new\CreateBasedReentrancy\v5\No\ReentrantCodeParts\FixedAddress\ReentrantCodePartsFixedAddress.sol
sailfish;v5;source code;CreateBasedReentrancy;ReentrantCodePartsUserDefinedAddress;ReentrantCodePartsUserDefinedAddress.sol;0;;0;\Users\Lisa\Documents\Uni\Diplomarbeit\testdata_new\CreateBasedReentrancy\v5\No\ReentrantCodeParts\UserDefinedAddress\ReentrantCodePartsUserDefinedAddress.sol
sailfish;v5;source code;CreateBasedReentrancy;NonVulnerableFixedAddress;ReentrantNonVulnerableFixedAddress.sol;0;;0;\Users\Lisa\Documents\Uni\Diplomarbeit\testdata_new\CreateBasedReentrancy\v5\Reentrant\NonVulnerable\FixedAddress\ReentrantNonVulnerableFixedAddress.sol
sailfish;v5;source code;CreateBasedReentrancy;NonVulnerableUserDefinedAddress;ReentrantNonVulnerableUserDefinedAddress.sol;0;;0;\Users\Lisa\Documents\Uni\Diplomarbeit\testdata_new\CreateBasedReentrancy\v5\Reentrant\NonVulnerable\UserDefinedAddress\ReentrantNonVulnerableUserDefinedAddress.sol
sailfish;v5;source code;CreateBasedReentrancy;VulnerableEtherLossFixedAddress;ReentrantVulnerableEtherLossUserFixedAddress.sol;0;;1;\Users\Lisa\Documents\Uni\Diplomarbeit\testdata_new\CreateBasedReentrancy\v5\Reentrant\Vulnerable\EtherLoss\FixedAddress\ReentrantVulnerableEtherLossUserFixedAddress.sol
sailfish;v5;source code;CreateBasedReentrancy;VulnerableEtherLossUserDefinedAddress;ReentrantVulnerableEtherLossUserDefinedAddress.sol;1;;1;\Users\Lisa\Documents\Uni\Diplomarbeit\testdata_new\CreateBasedReentrancy\v5\Reentrant\Vulnerable\EtherLoss\UserDefinedAddress\ReentrantVulnerableEtherLossUserDefinedAddress.sol
sailfish;v5;source code;CreateBasedReentrancy;VulnerableNoEtherLossFixedAddress;ReentrantVulnerableNoEtherLossFixedAddress.sol;0;;1;\Users\Lisa\Documents\Uni\Diplomarbeit\testdata_new\CreateBasedReentrancy\v5\Reentrant\Vulnerable\NoEtherLoss\FixedAddress\ReentrantVulnerableNoEtherLossFixedAddress.sol
sailfish;v5;source code;CreateBasedReentrancy;VulnerableNoEtherLossUserDefinedAddress;ReentrantVulnerableNoEtherLossUserDefinedAddress.sol;1;;1;\Users\Lisa\Documents\Uni\Diplomarbeit\testdata_new\CreateBasedReentrancy\v5\Reentrant\Vulnerable\NoEtherLoss\UserDefinedAddress\ReentrantVulnerableNoEtherLossUserDefinedAddress.sol
sailfish;v6;source code;CreateBasedReentrancy;NonReentrant;NonReentrant.sol;0;;0;\Users\Lisa\Documents\Uni\Diplomarbeit\testdata_new\CreateBasedReentrancy\v6\No\NonReentrant\NonReentrant.sol
sailfish;v6;source code;CreateBasedReentrancy;ReentrantCodePartsFixedAddress;ReentrantCodePartsFixedAddress.sol;0;;0;\Users\Lisa\Documents\Uni\Diplomarbeit\testdata_new\CreateBasedReentrancy\v6\No\ReentrantCodeParts\FixedAddress\ReentrantCodePartsFixedAddress.sol
sailfish;v6;source code;CreateBasedReentrancy;ReentrantCodePartsUserDefinedAddress;ReentrantCodePartsUserDefinedAddress.sol;0;;0;\Users\Lisa\Documents\Uni\Diplomarbeit\testdata_new\CreateBasedReentrancy\v6\No\ReentrantCodeParts\UserDefinedAddress\ReentrantCodePartsUserDefinedAddress.sol
sailfish;v6;source code;CreateBasedReentrancy;NonVulnerableFixedAddress;ReentrantNonVulnerableFixedAddress.sol;0;;0;\Users\Lisa\Documents\Uni\Diplomarbeit\testdata_new\CreateBasedReentrancy\v6\Reentrant\NonVulnerable\FixedAddress\ReentrantNonVulnerableFixedAddress.sol
sailfish;v6;source code;CreateBasedReentrancy;NonVulnerableUserDefinedAddress;ReentrantNonVulnerableUserDefinedAddress.sol;0;;0;\Users\Lisa\Documents\Uni\Diplomarbeit\testdata_new\CreateBasedReentrancy\v6\Reentrant\NonVulnerable\UserDefinedAddress\ReentrantNonVulnerableUserDefinedAddress.sol
sailfish;v6;source code;CreateBasedReentrancy;VulnerableEtherLossFixedAddress;ReentrantVulnerableEtherLossUserFixedAddress.sol;0;;1;\Users\Lisa\Documents\Uni\Diplomarbeit\testdata_new\CreateBasedReentrancy\v6\Reentrant\Vulnerable\EtherLoss\FixedAddress\ReentrantVulnerableEtherLossUserFixedAddress.sol
sailfish;v6;source code;CreateBasedReentrancy;VulnerableEtherLossUserDefinedAddress;ReentrantVulnerableEtherLossUserDefinedAddress.sol;1;;1;\Users\Lisa\Documents\Uni\Diplomarbeit\testdata_new\CreateBasedReentrancy\v6\Reentrant\Vulnerable\EtherLoss\UserDefinedAddress\ReentrantVulnerableEtherLossUserDefinedAddress.sol
sailfish;v6;source code;CreateBasedReentrancy;VulnerableNoEtherLossFixedAddress;ReentrantVulnerableNoEtherLossFixedAddress.sol;0;;1;\Users\Lisa\Documents\Uni\Diplomarbeit\testdata_new\CreateBasedReentrancy\v6\Reentrant\Vulnerable\NoEtherLoss\FixedAddress\ReentrantVulnerableNoEtherLossFixedAddress.sol
sailfish;v6;source code;CreateBasedReentrancy;VulnerableNoEtherLossUserDefinedAddress;ReentrantVulnerableNoEtherLossUserDefinedAddress.sol;1;;1;\Users\Lisa\Documents\Uni\Diplomarbeit\testdata_new\CreateBasedReentrancy\v6\Reentrant\Vulnerable\NoEtherLoss\UserDefinedAddress\ReentrantVulnerableNoEtherLossUserDefinedAddress.sol
sailfish;v4;source code;CrossFunctionReentrancy;NonReentrant;NonReentrant.sol;0;;0;\Users\Lisa\Documents\Uni\Diplomarbeit\testdata_new\CrossFunctionReentrancy\v4\No\NonReentrant\NonReentrant.sol
sailfish;v4;source code;CrossFunctionReentrancy;ReentrantCodePartsFixedAddress;ReentrantCodePartsFixedAddress.sol;0;;0;\Users\Lisa\Documents\Uni\Diplomarbeit\testdata_new\CrossFunctionReentrancy\v4\No\ReentrantCodeParts\FixedAddress\ReentrantCodePartsFixedAddress.sol
sailfish;v4;source code;CrossFunctionReentrancy;ReentrantCodePartsUserDefinedAddress;ReentrantCodePartsUserDefinedAddress.sol;0;;0;\Users\Lisa\Documents\Uni\Diplomarbeit\testdata_new\CrossFunctionReentrancy\v4\No\ReentrantCodeParts\UserDefinedAddress\ReentrantCodePartsUserDefinedAddress.sol
sailfish;v4;source code;CrossFunctionReentrancy;SendFixedAddress;PossiblySendFixedAddress.sol;0;;0;\Users\Lisa\Documents\Uni\Diplomarbeit\testdata_new\CrossFunctionReentrancy\v4\Possibly\Send\FixedAddress\PossiblySendFixedAddress.sol
sailfish;v4;source code;CrossFunctionReentrancy;SendUserDefinedAddress;PossiblySendUserDefinedAddress.sol;0;;0;\Users\Lisa\Documents\Uni\Diplomarbeit\testdata_new\CrossFunctionReentrancy\v4\Possibly\Send\UserDefinedAddress\PossiblySendUserDefinedAddress.sol
sailfish;v4;source code;CrossFunctionReentrancy;TransferFixedAddress;PossiblyTransferFixedAddress.sol;0;;0;\Users\Lisa\Documents\Uni\Diplomarbeit\testdata_new\CrossFunctionReentrancy\v4\Possibly\Transfer\FixedAddress\PossiblyTransferFixedAddress.sol
sailfish;v4;source code;CrossFunctionReentrancy;TransferUserDefinedAddress;PossiblyTransferUserDefinedAddress.sol;0;;0;\Users\Lisa\Documents\Uni\Diplomarbeit\testdata_new\CrossFunctionReentrancy\v4\Possibly\Transfer\UserDefinedAddress\PossiblyTransferUserDefinedAddress.sol
sailfish;v4;source code;CrossFunctionReentrancy;NonVulnerableFixedAddress;ReentrantNonVulnerableFixedAddress.sol;0;;0;\Users\Lisa\Documents\Uni\Diplomarbeit\testdata_new\CrossFunctionReentrancy\v4\Reentrant\NonVulnerable\FixedAddress\ReentrantNonVulnerableFixedAddress.sol
sailfish;v4;source code;CrossFunctionReentrancy;NonVulnerableUserDefinedAddress;ReentrantNonVulnerableUserDefinedAddress.sol;0;;0;\Users\Lisa\Documents\Uni\Diplomarbeit\testdata_new\CrossFunctionReentrancy\v4\Reentrant\NonVulnerable\UserDefinedAddress\ReentrantNonVulnerableUserDefinedAddress.sol
sailfish;v4;source code;CrossFunctionReentrancy;VulnerableEtherLossFixedAddress;ReentrantVulnerableEtherLossFixedAddress.sol;0;;1;\Users\Lisa\Documents\Uni\Diplomarbeit\testdata_new\CrossFunctionReentrancy\v4\Reentrant\Vulnerable\EtherLoss\FixedAddress\ReentrantVulnerableEtherLossFixedAddress.sol
sailfish;v4;source code;CrossFunctionReentrancy;VulnerableEtherLossUserDefinedAddress;ReentrantVulnerableEtherLossUserDefinedAddress.sol;1;;1;\Users\Lisa\Documents\Uni\Diplomarbeit\testdata_new\CrossFunctionReentrancy\v4\Reentrant\Vulnerable\EtherLoss\UserDefinedAddress\ReentrantVulnerableEtherLossUserDefinedAddress.sol
sailfish;v4;source code;CrossFunctionReentrancy;VulnerableNoEtherLossFixedAddress;ReentrantVulnerableNoEtherLossFixedAddress.sol;0;;1;\Users\Lisa\Documents\Uni\Diplomarbeit\testdata_new\CrossFunctionReentrancy\v4\Reentrant\Vulnerable\NoEtherLoss\FixedAddress\ReentrantVulnerableNoEtherLossFixedAddress.sol
sailfish;v4;source code;CrossFunctionReentrancy;VulnerableNoEtherLossUserDefinedAddress;ReentrantVulnerableNoEtherLossUserDefinedAddress.sol;1;;1;\Users\Lisa\Documents\Uni\Diplomarbeit\testdata_new\CrossFunctionReentrancy\v4\Reentrant\Vulnerable\NoEtherLoss\UserDefinedAddress\ReentrantVulnerableNoEtherLossUserDefinedAddress.sol
sailfish;v5;source code;CrossFunctionReentrancy;NonReentrant;NonReentrant.sol;0;;0;\Users\Lisa\Documents\Uni\Diplomarbeit\testdata_new\CrossFunctionReentrancy\v5\No\NonReentrant\NonReentrant.sol
sailfish;v5;source code;CrossFunctionReentrancy;ReentrantCodePartsFixedAddress;ReentrantCodePartsFixedAddress.sol;0;;0;\Users\Lisa\Documents\Uni\Diplomarbeit\testdata_new\CrossFunctionReentrancy\v5\No\ReentrantCodeParts\FixedAddress\ReentrantCodePartsFixedAddress.sol
sailfish;v5;source code;CrossFunctionReentrancy;ReentrantCodePartsUserDefinedAddress;ReentrantCodePartsUserDefinedAddress.sol;0;;0;\Users\Lisa\Documents\Uni\Diplomarbeit\testdata_new\CrossFunctionReentrancy\v5\No\ReentrantCodeParts\UserDefinedAddress\ReentrantCodePartsUserDefinedAddress.sol
sailfish;v5;source code;CrossFunctionReentrancy;SendFixedAddress;PossiblySendFixedAddress.sol;0;;0;\Users\Lisa\Documents\Uni\Diplomarbeit\testdata_new\CrossFunctionReentrancy\v5\Possibly\Send\FixedAddress\PossiblySendFixedAddress.sol
sailfish;v5;source code;CrossFunctionReentrancy;SendUserDefinedAddress;PossiblySendUserDefinedAddress.sol;0;;0;\Users\Lisa\Documents\Uni\Diplomarbeit\testdata_new\CrossFunctionReentrancy\v5\Possibly\Send\UserDefinedAddress\PossiblySendUserDefinedAddress.sol
sailfish;v5;source code;CrossFunctionReentrancy;TransferFixedAddress;PossiblyTransferFixedAddress.sol;0;;0;\Users\Lisa\Documents\Uni\Diplomarbeit\testdata_new\CrossFunctionReentrancy\v5\Possibly\Transfer\FixedAddress\PossiblyTransferFixedAddress.sol
sailfish;v5;source code;CrossFunctionReentrancy;TransferUserDefinedAddress;PossiblyTransferUserDefinedAddress.sol;0;;0;\Users\Lisa\Documents\Uni\Diplomarbeit\testdata_new\CrossFunctionReentrancy\v5\Possibly\Transfer\UserDefinedAddress\PossiblyTransferUserDefinedAddress.sol
sailfish;v5;source code;CrossFunctionReentrancy;NonVulnerableFixedAddress;ReentrantNonVulnerableFixedAddress.sol;0;;0;\Users\Lisa\Documents\Uni\Diplomarbeit\testdata_new\CrossFunctionReentrancy\v5\Reentrant\NonVulnerable\FixedAddress\ReentrantNonVulnerableFixedAddress.sol
sailfish;v5;source code;CrossFunctionReentrancy;NonVulnerableUserDefinedAddress;ReentrantNonVulnerableUserDefinedAddress.sol;0;;0;\Users\Lisa\Documents\Uni\Diplomarbeit\testdata_new\CrossFunctionReentrancy\v5\Reentrant\NonVulnerable\UserDefinedAddress\ReentrantNonVulnerableUserDefinedAddress.sol
sailfish;v5;source code;CrossFunctionReentrancy;VulnerableEtherLossFixedAddress;ReentrantVulnerableEtherLossFixedAddress.sol;0;;1;\Users\Lisa\Documents\Uni\Diplomarbeit\testdata_new\CrossFunctionReentrancy\v5\Reentrant\Vulnerable\EtherLoss\FixedAddress\ReentrantVulnerableEtherLossFixedAddress.sol
sailfish;v5;source code;CrossFunctionReentrancy;VulnerableEtherLossUserDefinedAddress;ReentrantVulnerableEtherLossUserDefinedAddress.sol;1;;1;\Users\Lisa\Documents\Uni\Diplomarbeit\testdata_new\CrossFunctionReentrancy\v5\Reentrant\Vulnerable\EtherLoss\UserDefinedAddress\ReentrantVulnerableEtherLossUserDefinedAddress.sol
sailfish;v5;source code;CrossFunctionReentrancy;VulnerableNoEtherLossFixedAddress;ReentrantVulnerableNoEtherLossFixedAddress.sol;0;;1;\Users\Lisa\Documents\Uni\Diplomarbeit\testdata_new\CrossFunctionReentrancy\v5\Reentrant\Vulnerable\NoEtherLoss\FixedAddress\ReentrantVulnerableNoEtherLossFixedAddress.sol
sailfish;v5;source code;CrossFunctionReentrancy;VulnerableNoEtherLossUserDefinedAddress;ReentrantVulnerableNoEtherLossUserDefinedAddress.sol;1;;1;\Users\Lisa\Documents\Uni\Diplomarbeit\testdata_new\CrossFunctionReentrancy\v5\Reentrant\Vulnerable\NoEtherLoss\UserDefinedAddress\ReentrantVulnerableNoEtherLossUserDefinedAddress.sol
sailfish;v6;source code;CrossFunctionReentrancy;NonReentrant;NonReentrant.sol;0;;0;\Users\Lisa\Documents\Uni\Diplomarbeit\testdata_new\CrossFunctionReentrancy\v6\No\NonReentrant\NonReentrant.sol
sailfish;v6;source code;CrossFunctionReentrancy;ReentrantCodePartsFixedAddress;ReentrantCodePartsFixedAddress.sol;0;1;0;\Users\Lisa\Documents\Uni\Diplomarbeit\testdata_new\CrossFunctionReentrancy\v6\No\ReentrantCodeParts\FixedAddress\ReentrantCodePartsFixedAddress.sol
sailfish;v6;source code;CrossFunctionReentrancy;ReentrantCodePartsUserDefinedAddress;ReentrantCodePartsUserDefinedAddress.sol;0;1;0;\Users\Lisa\Documents\Uni\Diplomarbeit\testdata_new\CrossFunctionReentrancy\v6\No\ReentrantCodeParts\UserDefinedAddress\ReentrantCodePartsUserDefinedAddress.sol
sailfish;v6;source code;CrossFunctionReentrancy;SendFixedAddress;PossiblySendFixedAddress.sol;0;;0;\Users\Lisa\Documents\Uni\Diplomarbeit\testdata_new\CrossFunctionReentrancy\v6\Possibly\Send\FixedAddress\PossiblySendFixedAddress.sol
sailfish;v6;source code;CrossFunctionReentrancy;SendUserDefinedAddress;PossiblySendUserDefinedAddress.sol;0;;0;\Users\Lisa\Documents\Uni\Diplomarbeit\testdata_new\CrossFunctionReentrancy\v6\Possibly\Send\UserDefinedAddress\PossiblySendUserDefinedAddress.sol
sailfish;v6;source code;CrossFunctionReentrancy;TransferFixedAddress;PossiblyTransferFixedAddress.sol;0;;0;\Users\Lisa\Documents\Uni\Diplomarbeit\testdata_new\CrossFunctionReentrancy\v6\Possibly\Transfer\FixedAddress\PossiblyTransferFixedAddress.sol
sailfish;v6;source code;CrossFunctionReentrancy;TransferUserDefinedAddress;PossiblyTransferUserDefinedAddress.sol;0;;0;\Users\Lisa\Documents\Uni\Diplomarbeit\testdata_new\CrossFunctionReentrancy\v6\Possibly\Transfer\UserDefinedAddress\PossiblyTransferUserDefinedAddress.sol
sailfish;v6;source code;CrossFunctionReentrancy;NonVulnerableFixedAddress;ReentrantNonVulnerableFixedAddress.sol;0;1;0;\Users\Lisa\Documents\Uni\Diplomarbeit\testdata_new\CrossFunctionReentrancy\v6\Reentrant\NonVulnerable\FixedAddress\ReentrantNonVulnerableFixedAddress.sol
sailfish;v6;source code;CrossFunctionReentrancy;NonVulnerableUserDefinedAddress;ReentrantNonVulnerableUserDefinedAddress.sol;0;1;0;\Users\Lisa\Documents\Uni\Diplomarbeit\testdata_new\CrossFunctionReentrancy\v6\Reentrant\NonVulnerable\UserDefinedAddress\ReentrantNonVulnerableUserDefinedAddress.sol
sailfish;v6;source code;CrossFunctionReentrancy;VulnerableEtherLossFixedAddress;ReentrantVulnerableEtherLossFixedAddress.sol;0;1;1;\Users\Lisa\Documents\Uni\Diplomarbeit\testdata_new\CrossFunctionReentrancy\v6\Reentrant\Vulnerable\EtherLoss\FixedAddress\ReentrantVulnerableEtherLossFixedAddress.sol
sailfish;v6;source code;CrossFunctionReentrancy;VulnerableEtherLossUserDefinedAddress;ReentrantVulnerableEtherLossUserDefinedAddress.sol;0;1;1;\Users\Lisa\Documents\Uni\Diplomarbeit\testdata_new\CrossFunctionReentrancy\v6\Reentrant\Vulnerable\EtherLoss\UserDefinedAddress\ReentrantVulnerableEtherLossUserDefinedAddress.sol
sailfish;v6;source code;CrossFunctionReentrancy;VulnerableNoEtherLossFixedAddress;ReentrantVulnerableNoEtherLossFixedAddress.sol;0;1;1;\Users\Lisa\Documents\Uni\Diplomarbeit\testdata_new\CrossFunctionReentrancy\v6\Reentrant\Vulnerable\NoEtherLoss\FixedAddress\ReentrantVulnerableNoEtherLossFixedAddress.sol
sailfish;v6;source code;CrossFunctionReentrancy;VulnerableNoEtherLossUserDefinedAddress;ReentrantVulnerableNoEtherLossUserDefinedAddress.sol;0;1;1;\Users\Lisa\Documents\Uni\Diplomarbeit\testdata_new\CrossFunctionReentrancy\v6\Reentrant\Vulnerable\NoEtherLoss\UserDefinedAddress\ReentrantVulnerableNoEtherLossUserDefinedAddress.sol
sailfish;v4;source code;DelegatedReentrancy;ReentrantCodePartsFixedAddress;ReentrantCodePartsFixedAddress.sol;0;;0;\Users\Lisa\Documents\Uni\Diplomarbeit\testdata_new\DelegatedReentrancy\v4\No\ReentrantCodeParts\FixedAddress\ReentrantCodePartsFixedAddress.sol
sailfish;v4;source code;DelegatedReentrancy;ReentrantCodePartsUserDefinedAddress;ReentrantCodePartsUserDefinedAddress.sol;0;;0;\Users\Lisa\Documents\Uni\Diplomarbeit\testdata_new\DelegatedReentrancy\v4\No\ReentrantCodeParts\UserDefinedAddress\ReentrantCodePartsUserDefinedAddress.sol
sailfish;v4;source code;DelegatedReentrancy;SendFixedAddress;PossiblySendFixedAddress.sol;0;;0;\Users\Lisa\Documents\Uni\Diplomarbeit\testdata_new\DelegatedReentrancy\v4\Possibly\Send\FixedAddress\PossiblySendFixedAddress.sol
sailfish;v4;source code;DelegatedReentrancy;SendUserDefinedAddress;PossiblySendUserDefinedAddress.sol;1;;0;\Users\Lisa\Documents\Uni\Diplomarbeit\testdata_new\DelegatedReentrancy\v4\Possibly\Send\UserDefinedAddress\PossiblySendUserDefinedAddress.sol
sailfish;v4;source code;DelegatedReentrancy;TransferFixedAddress;PossiblyTransferFixedAddress.sol;0;;0;\Users\Lisa\Documents\Uni\Diplomarbeit\testdata_new\DelegatedReentrancy\v4\Possibly\Transfer\FixedAddress\PossiblyTransferFixedAddress.sol
sailfish;v4;source code;DelegatedReentrancy;TransferUserDefinedAddress;PossiblyTransferUserDefinedAddress.sol;1;;0;\Users\Lisa\Documents\Uni\Diplomarbeit\testdata_new\DelegatedReentrancy\v4\Possibly\Transfer\UserDefinedAddress\PossiblyTransferUserDefinedAddress.sol
sailfish;v4;source code;DelegatedReentrancy;NonVulnerableFixedAddress;ReentrantNonVulnerableFixedAddress.sol;0;;0;\Users\Lisa\Documents\Uni\Diplomarbeit\testdata_new\DelegatedReentrancy\v4\Reentrant\NonVulnerable\FixedAddress\ReentrantNonVulnerableFixedAddress.sol
sailfish;v4;source code;DelegatedReentrancy;NonVulnerableUserDefinedAddress;ReentrantNonVulnerableUserDefinedAddress.sol;0;;0;\Users\Lisa\Documents\Uni\Diplomarbeit\testdata_new\DelegatedReentrancy\v4\Reentrant\NonVulnerable\UserDefinedAddress\ReentrantNonVulnerableUserDefinedAddress.sol
sailfish;v4;source code;DelegatedReentrancy;VulnerableEtherLossFixedAddress;ReentrantVulnerableEtherLossFixedAddress.sol;0;;1;\Users\Lisa\Documents\Uni\Diplomarbeit\testdata_new\DelegatedReentrancy\v4\Reentrant\Vulnerable\EtherLoss\FixedAddress\ReentrantVulnerableEtherLossFixedAddress.sol
sailfish;v4;source code;DelegatedReentrancy;VulnerableEtherLossUserDefinedAddress;ReentrantVulnerableEtherLossUserDefinedAddress.sol;1;;1;\Users\Lisa\Documents\Uni\Diplomarbeit\testdata_new\DelegatedReentrancy\v4\Reentrant\Vulnerable\EtherLoss\UserDefinedAddress\ReentrantVulnerableEtherLossUserDefinedAddress.sol
sailfish;v4;source code;DelegatedReentrancy;VulnerableNoEtherLossFixedAddress;ReentrantVulnerableNoEtherLossFixedAddress.sol;0;;1;\Users\Lisa\Documents\Uni\Diplomarbeit\testdata_new\DelegatedReentrancy\v4\Reentrant\Vulnerable\NoEtherLoss\FixedAddress\ReentrantVulnerableNoEtherLossFixedAddress.sol
sailfish;v4;source code;DelegatedReentrancy;VulnerableNoEtherLossUserDefinedAddress;ReentrantVulnerableNoEtherLossUserDefinedAddress.sol;0;;1;\Users\Lisa\Documents\Uni\Diplomarbeit\testdata_new\DelegatedReentrancy\v4\Reentrant\Vulnerable\NoEtherLoss\UserDefinedAddress\ReentrantVulnerableNoEtherLossUserDefinedAddress.sol
sailfish;v5;source code;DelegatedReentrancy;ReentrantCodePartsFixedAddress;ReentrantCodePartsFixedAddress.sol;0;;0;\Users\Lisa\Documents\Uni\Diplomarbeit\testdata_new\DelegatedReentrancy\v5\No\ReentrantCodeParts\FixedAddress\ReentrantCodePartsFixedAddress.sol
sailfish;v5;source code;DelegatedReentrancy;ReentrantCodePartsUserDefinedAddress;ReentrantCodePartsUserDefinedAddress.sol;0;;0;\Users\Lisa\Documents\Uni\Diplomarbeit\testdata_new\DelegatedReentrancy\v5\No\ReentrantCodeParts\UserDefinedAddress\ReentrantCodePartsUserDefinedAddress.sol
sailfish;v5;source code;DelegatedReentrancy;SendFixedAddress;PossiblySendFixedAddress.sol;0;;0;\Users\Lisa\Documents\Uni\Diplomarbeit\testdata_new\DelegatedReentrancy\v5\Possibly\Send\FixedAddress\PossiblySendFixedAddress.sol
sailfish;v5;source code;DelegatedReentrancy;SendUserDefinedAddress;PossiblySendUserDefinedAddress.sol;1;;0;\Users\Lisa\Documents\Uni\Diplomarbeit\testdata_new\DelegatedReentrancy\v5\Possibly\Send\UserDefinedAddress\PossiblySendUserDefinedAddress.sol
sailfish;v5;source code;DelegatedReentrancy;TransferFixedAddress;PossiblyTransferFixedAddress.sol;0;;0;\Users\Lisa\Documents\Uni\Diplomarbeit\testdata_new\DelegatedReentrancy\v5\Possibly\Transfer\FixedAddress\PossiblyTransferFixedAddress.sol
sailfish;v5;source code;DelegatedReentrancy;TransferUserDefinedAddress;PossiblyTransferUserDefinedAddress.sol;1;;0;\Users\Lisa\Documents\Uni\Diplomarbeit\testdata_new\DelegatedReentrancy\v5\Possibly\Transfer\UserDefinedAddress\PossiblyTransferUserDefinedAddress.sol
sailfish;v5;source code;DelegatedReentrancy;NonVulnerableFixedAddress;ReentrantNonVulnerableFixedAddress.sol;0;;0;\Users\Lisa\Documents\Uni\Diplomarbeit\testdata_new\DelegatedReentrancy\v5\Reentrant\NonVulnerable\FixedAddress\ReentrantNonVulnerableFixedAddress.sol
sailfish;v5;source code;DelegatedReentrancy;NonVulnerableUserDefinedAddress;ReentrantNonVulnerableUserDefinedAddress.sol;0;;0;\Users\Lisa\Documents\Uni\Diplomarbeit\testdata_new\DelegatedReentrancy\v5\Reentrant\NonVulnerable\UserDefinedAddress\ReentrantNonVulnerableUserDefinedAddress.sol
sailfish;v5;source code;DelegatedReentrancy;VulnerableEtherLossFixedAddress;ReentrantVulnerableEtherLossFixedAddress.sol;0;;1;\Users\Lisa\Documents\Uni\Diplomarbeit\testdata_new\DelegatedReentrancy\v5\Reentrant\Vulnerable\EtherLoss\FixedAddress\ReentrantVulnerableEtherLossFixedAddress.sol
sailfish;v5;source code;DelegatedReentrancy;VulnerableEtherLossUserDefinedAddress;ReentrantVulnerableEtherLossUserDefinedAddress.sol;1;;1;\Users\Lisa\Documents\Uni\Diplomarbeit\testdata_new\DelegatedReentrancy\v5\Reentrant\Vulnerable\EtherLoss\UserDefinedAddress\ReentrantVulnerableEtherLossUserDefinedAddress.sol
sailfish;v5;source code;DelegatedReentrancy;VulnerableNoEtherLossFixedAddress;ReentrantVulnerableNoEtherLossFixedAddress.sol;0;;1;\Users\Lisa\Documents\Uni\Diplomarbeit\testdata_new\DelegatedReentrancy\v5\Reentrant\Vulnerable\NoEtherLoss\FixedAddress\ReentrantVulnerableNoEtherLossFixedAddress.sol
sailfish;v5;source code;DelegatedReentrancy;VulnerableNoEtherLossUserDefinedAddress;ReentrantVulnerableNoEtherLossUserDefinedAddress.sol;0;;1;\Users\Lisa\Documents\Uni\Diplomarbeit\testdata_new\DelegatedReentrancy\v5\Reentrant\Vulnerable\NoEtherLoss\UserDefinedAddress\ReentrantVulnerableNoEtherLossUserDefinedAddress.sol
sailfish;v6;source code;DelegatedReentrancy;ReentrantCodePartsFixedAddress;ReentrantCodePartsFixedAddress.sol;0;1;0;\Users\Lisa\Documents\Uni\Diplomarbeit\testdata_new\DelegatedReentrancy\v6\No\ReentrantCodeParts\FixedAddress\ReentrantCodePartsFixedAddress.sol
sailfish;v6;source code;DelegatedReentrancy;ReentrantCodePartsUserDefinedAddress;ReentrantCodePartsUserDefinedAddress.sol;0;1;0;\Users\Lisa\Documents\Uni\Diplomarbeit\testdata_new\DelegatedReentrancy\v6\No\ReentrantCodeParts\UserDefinedAddress\ReentrantCodePartsUserDefinedAddress.sol
sailfish;v6;source code;DelegatedReentrancy;SendFixedAddress;PossiblySendFixedAddress.sol;0;;0;\Users\Lisa\Documents\Uni\Diplomarbeit\testdata_new\DelegatedReentrancy\v6\Possibly\Send\FixedAddress\PossiblySendFixedAddress.sol
sailfish;v6;source code;DelegatedReentrancy;SendUserDefinedAddress;PossiblySendUserDefinedAddress.sol;1;;0;\Users\Lisa\Documents\Uni\Diplomarbeit\testdata_new\DelegatedReentrancy\v6\Possibly\Send\UserDefinedAddress\PossiblySendUserDefinedAddress.sol
sailfish;v6;source code;DelegatedReentrancy;TransferFixedAddress;PossiblyTransferFixedAddress.sol;0;;0;\Users\Lisa\Documents\Uni\Diplomarbeit\testdata_new\DelegatedReentrancy\v6\Possibly\Transfer\FixedAddress\PossiblyTransferFixedAddress.sol
sailfish;v6;source code;DelegatedReentrancy;TransferUserDefinedAddress;PossiblyTransferUserDefinedAddress.sol;1;;0;\Users\Lisa\Documents\Uni\Diplomarbeit\testdata_new\DelegatedReentrancy\v6\Possibly\Transfer\UserDefinedAddress\PossiblyTransferUserDefinedAddress.sol
sailfish;v6;source code;DelegatedReentrancy;NonVulnerableFixedAddress;ReentrantNonVulnerableFixedAddress.sol;0;;0;\Users\Lisa\Documents\Uni\Diplomarbeit\testdata_new\DelegatedReentrancy\v6\Reentrant\NonVulnerable\FixedAddress\ReentrantNonVulnerableFixedAddress.sol
sailfish;v6;source code;DelegatedReentrancy;NonVulnerableUserDefinedAddress;ReentrantNonVulnerableUserDefinedAddress.sol;0;;0;\Users\Lisa\Documents\Uni\Diplomarbeit\testdata_new\DelegatedReentrancy\v6\Reentrant\NonVulnerable\UserDefinedAddress\ReentrantNonVulnerableUserDefinedAddress.sol
sailfish;v6;source code;DelegatedReentrancy;VulnerableEtherLossFixedAddress;ReentrantVulnerableEtherLossFixedAddress.sol;0;1;1;\Users\Lisa\Documents\Uni\Diplomarbeit\testdata_new\DelegatedReentrancy\v6\Reentrant\Vulnerable\EtherLoss\FixedAddress\ReentrantVulnerableEtherLossFixedAddress.sol
sailfish;v6;source code;DelegatedReentrancy;VulnerableEtherLossUserDefinedAddress;ReentrantVulnerableEtherLossUserDefinedAddress.sol;0;1;1;\Users\Lisa\Documents\Uni\Diplomarbeit\testdata_new\DelegatedReentrancy\v6\Reentrant\Vulnerable\EtherLoss\UserDefinedAddress\ReentrantVulnerableEtherLossUserDefinedAddress.sol
sailfish;v6;source code;DelegatedReentrancy;VulnerableNoEtherLossFixedAddress;ReentrantVulnerableNoEtherLossFixedAddress.sol;0;;1;\Users\Lisa\Documents\Uni\Diplomarbeit\testdata_new\DelegatedReentrancy\v6\Reentrant\Vulnerable\NoEtherLoss\FixedAddress\ReentrantVulnerableNoEtherLossFixedAddress.sol
sailfish;v6;source code;DelegatedReentrancy;VulnerableNoEtherLossUserDefinedAddress;ReentrantVulnerableNoEtherLossUserDefinedAddress.sol;0;;1;\Users\Lisa\Documents\Uni\Diplomarbeit\testdata_new\DelegatedReentrancy\v6\Reentrant\Vulnerable\NoEtherLoss\UserDefinedAddress\ReentrantVulnerableNoEtherLossUserDefinedAddress.sol
sailfish;v4;source code;SameFunctionReentrancy;NonReentrant;NonReentrant.sol;0;;0;\Users\Lisa\Documents\Uni\Diplomarbeit\testdata_new\SameFunctionReentrancy\v4\No\NonReentrant\NonReentrant.sol
sailfish;v4;source code;SameFunctionReentrancy;ReentrantCodePartsFixedAddress;ReentrantCodePartsFixedAddress.sol;0;;0;\Users\Lisa\Documents\Uni\Diplomarbeit\testdata_new\SameFunctionReentrancy\v4\No\ReentrantCodeParts\FixedAddress\ReentrantCodePartsFixedAddress.sol
sailfish;v4;source code;SameFunctionReentrancy;ReentrantCodePartsUserDefinedAddress;ReentrantCodePartsUserDefinedAddress.sol;0;;0;\Users\Lisa\Documents\Uni\Diplomarbeit\testdata_new\SameFunctionReentrancy\v4\No\ReentrantCodeParts\UserDefinedAddress\ReentrantCodePartsUserDefinedAddress.sol
sailfish;v4;source code;SameFunctionReentrancy;SendFixedAddress;PossiblySendFixedAddress.sol;0;;0;\Users\Lisa\Documents\Uni\Diplomarbeit\testdata_new\SameFunctionReentrancy\v4\Possibly\Send\FixedAddress\PossiblySendFixedAddress.sol
sailfish;v4;source code;SameFunctionReentrancy;SendUserDefinedAddress;PossiblySendUserDefinedAddress.sol;0;;0;\Users\Lisa\Documents\Uni\Diplomarbeit\testdata_new\SameFunctionReentrancy\v4\Possibly\Send\UserDefinedAddress\PossiblySendUserDefinedAddress.sol
sailfish;v4;source code;SameFunctionReentrancy;TransferFixedAddress;PossiblyTransferFixedAddress.sol;0;;0;\Users\Lisa\Documents\Uni\Diplomarbeit\testdata_new\SameFunctionReentrancy\v4\Possibly\Transfer\FixedAddress\PossiblyTransferFixedAddress.sol
sailfish;v4;source code;SameFunctionReentrancy;TransferUserDefinedAddress;PossiblyTransferUserDefinedAddress.sol;0;;0;\Users\Lisa\Documents\Uni\Diplomarbeit\testdata_new\SameFunctionReentrancy\v4\Possibly\Transfer\UserDefinedAddress\PossiblyTransferUserDefinedAddress.sol
sailfish;v4;source code;SameFunctionReentrancy;NonVulnerableFixedAddress;ReentrantNonVulnerableFixedAddress.sol;0;;0;\Users\Lisa\Documents\Uni\Diplomarbeit\testdata_new\SameFunctionReentrancy\v4\Reentrant\NonVulnerable\FixedAddress\ReentrantNonVulnerableFixedAddress.sol
sailfish;v4;source code;SameFunctionReentrancy;NonVulnerableUserDefinedAddress;ReentrantNonVulnerableUserDefinedAddress.sol;0;;0;\Users\Lisa\Documents\Uni\Diplomarbeit\testdata_new\SameFunctionReentrancy\v4\Reentrant\NonVulnerable\UserDefinedAddress\ReentrantNonVulnerableUserDefinedAddress.sol
sailfish;v4;source code;SameFunctionReentrancy;VulnerableEtherLossFixedAddress;ReentrantVulnerableEtherLossFixedAddress.sol;0;;1;\Users\Lisa\Documents\Uni\Diplomarbeit\testdata_new\SameFunctionReentrancy\v4\Reentrant\Vulnerable\EtherLoss\FixedAddress\ReentrantVulnerableEtherLossFixedAddress.sol
sailfish;v4;source code;SameFunctionReentrancy;VulnerableEtherLossUserDefinedAddress;ReentrantVulnerableEtherLossUserDefinedAddress.sol;1;;1;\Users\Lisa\Documents\Uni\Diplomarbeit\testdata_new\SameFunctionReentrancy\v4\Reentrant\Vulnerable\EtherLoss\UserDefinedAddress\ReentrantVulnerableEtherLossUserDefinedAddress.sol
sailfish;v4;source code;SameFunctionReentrancy;VulnerableNoEtherLossFixedAddress;ReentrantVulnerableNoEtherLossFixedAddress.sol;0;;1;\Users\Lisa\Documents\Uni\Diplomarbeit\testdata_new\SameFunctionReentrancy\v4\Reentrant\Vulnerable\NoEtherLoss\FixedAddress\ReentrantVulnerableNoEtherLossFixedAddress.sol
sailfish;v4;source code;SameFunctionReentrancy;VulnerableNoEtherLossUserDefinedAddress;ReentrantVulnerableNoEtherLossUserDefinedAddress.sol;1;;1;\Users\Lisa\Documents\Uni\Diplomarbeit\testdata_new\SameFunctionReentrancy\v4\Reentrant\Vulnerable\NoEtherLoss\UserDefinedAddress\ReentrantVulnerableNoEtherLossUserDefinedAddress.sol
sailfish;v5;source code;SameFunctionReentrancy;NonReentrant;NonReentrant.sol;0;;0;\Users\Lisa\Documents\Uni\Diplomarbeit\testdata_new\SameFunctionReentrancy\v5\No\NonReentrant\NonReentrant.sol
sailfish;v5;source code;SameFunctionReentrancy;ReentrantCodePartsFixedAddress;ReentrantCodePartsFixedAddress.sol;0;1;0;\Users\Lisa\Documents\Uni\Diplomarbeit\testdata_new\SameFunctionReentrancy\v5\No\ReentrantCodeParts\FixedAddress\ReentrantCodePartsFixedAddress.sol
sailfish;v5;source code;SameFunctionReentrancy;ReentrantCodePartsUserDefinedAddress;ReentrantCodePartsUserDefinedAddress.sol;0;1;0;\Users\Lisa\Documents\Uni\Diplomarbeit\testdata_new\SameFunctionReentrancy\v5\No\ReentrantCodeParts\UserDefinedAddress\ReentrantCodePartsUserDefinedAddress.sol
sailfish;v5;source code;SameFunctionReentrancy;SendFixedAddress;PossiblySendFixedAddress.sol;0;;0;\Users\Lisa\Documents\Uni\Diplomarbeit\testdata_new\SameFunctionReentrancy\v5\Possibly\Send\FixedAddress\PossiblySendFixedAddress.sol
sailfish;v5;source code;SameFunctionReentrancy;SendUserDefinedAddress;PossiblySendUserDefinedAddress.sol;0;;0;\Users\Lisa\Documents\Uni\Diplomarbeit\testdata_new\SameFunctionReentrancy\v5\Possibly\Send\UserDefinedAddress\PossiblySendUserDefinedAddress.sol
sailfish;v5;source code;SameFunctionReentrancy;TransferFixedAddress;PossiblyTransferFixedAddress.sol;0;;0;\Users\Lisa\Documents\Uni\Diplomarbeit\testdata_new\SameFunctionReentrancy\v5\Possibly\Transfer\FixedAddress\PossiblyTransferFixedAddress.sol
sailfish;v5;source code;SameFunctionReentrancy;TransferUserDefinedAddress;PossiblyTransferUserDefinedAddress.sol;0;;0;\Users\Lisa\Documents\Uni\Diplomarbeit\testdata_new\SameFunctionReentrancy\v5\Possibly\Transfer\UserDefinedAddress\PossiblyTransferUserDefinedAddress.sol
sailfish;v5;source code;SameFunctionReentrancy;NonVulnerableFixedAddress;ReentrantNonVulnerableFixedAddress.sol;0;;0;\Users\Lisa\Documents\Uni\Diplomarbeit\testdata_new\SameFunctionReentrancy\v5\Reentrant\NonVulnerable\FixedAddress\ReentrantNonVulnerableFixedAddress.sol
sailfish;v5;source code;SameFunctionReentrancy;NonVulnerableUserDefinedAddress;ReentrantNonVulnerableUserDefinedAddress.sol;0;;0;\Users\Lisa\Documents\Uni\Diplomarbeit\testdata_new\SameFunctionReentrancy\v5\Reentrant\NonVulnerable\UserDefinedAddress\ReentrantNonVulnerableUserDefinedAddress.sol
sailfish;v5;source code;SameFunctionReentrancy;VulnerableEtherLossFixedAddress;ReentrantVulnerableEtherLossFixedAddress.sol;0;1;1;\Users\Lisa\Documents\Uni\Diplomarbeit\testdata_new\SameFunctionReentrancy\v5\Reentrant\Vulnerable\EtherLoss\FixedAddress\ReentrantVulnerableEtherLossFixedAddress.sol
sailfish;v5;source code;SameFunctionReentrancy;VulnerableEtherLossUserDefinedAddress;ReentrantVulnerableEtherLossUserDefinedAddress.sol;0;1;1;\Users\Lisa\Documents\Uni\Diplomarbeit\testdata_new\SameFunctionReentrancy\v5\Reentrant\Vulnerable\EtherLoss\UserDefinedAddress\ReentrantVulnerableEtherLossUserDefinedAddress.sol
sailfish;v5;source code;SameFunctionReentrancy;VulnerableNoEtherLossFixedAddress;ReentrantVulnerableNoEtherLossFixedAddress.sol;0;;1;\Users\Lisa\Documents\Uni\Diplomarbeit\testdata_new\SameFunctionReentrancy\v5\Reentrant\Vulnerable\NoEtherLoss\FixedAddress\ReentrantVulnerableNoEtherLossFixedAddress.sol
sailfish;v5;source code;SameFunctionReentrancy;VulnerableNoEtherLossUserDefinedAddress;ReentrantVulnerableNoEtherLossUserDefinedAddress.sol;1;;1;\Users\Lisa\Documents\Uni\Diplomarbeit\testdata_new\SameFunctionReentrancy\v5\Reentrant\Vulnerable\NoEtherLoss\UserDefinedAddress\ReentrantVulnerableNoEtherLossUserDefinedAddress.sol
sailfish;v6;source code;SameFunctionReentrancy;NonReentrant;NonReentrant.sol;0;;0;\Users\Lisa\Documents\Uni\Diplomarbeit\testdata_new\SameFunctionReentrancy\v6\No\NonReentrant\NonReentrant.sol
sailfish;v6;source code;SameFunctionReentrancy;ReentrantCodePartsFixedAddress;ReentrantCodePartsFixedAddress.sol;0;1;0;\Users\Lisa\Documents\Uni\Diplomarbeit\testdata_new\SameFunctionReentrancy\v6\No\ReentrantCodeParts\FixedAddress\ReentrantCodePartsFixedAddress.sol
sailfish;v6;source code;SameFunctionReentrancy;ReentrantCodePartsUserDefinedAddress;ReentrantCodePartsUserDefinedAddress.sol;0;1;0;\Users\Lisa\Documents\Uni\Diplomarbeit\testdata_new\SameFunctionReentrancy\v6\No\ReentrantCodeParts\UserDefinedAddress\ReentrantCodePartsUserDefinedAddress.sol
sailfish;v6;source code;SameFunctionReentrancy;SendFixedAddress;PossiblySendFixedAddress.sol;0;;0;\Users\Lisa\Documents\Uni\Diplomarbeit\testdata_new\SameFunctionReentrancy\v6\Possibly\Send\FixedAddress\PossiblySendFixedAddress.sol
sailfish;v6;source code;SameFunctionReentrancy;SendUserDefinedAddress;PossiblySendUserDefinedAddress.sol;0;;0;\Users\Lisa\Documents\Uni\Diplomarbeit\testdata_new\SameFunctionReentrancy\v6\Possibly\Send\UserDefinedAddress\PossiblySendUserDefinedAddress.sol
sailfish;v6;source code;SameFunctionReentrancy;TransferFixedAddress;PossiblyTransferFixedAddress.sol;0;;0;\Users\Lisa\Documents\Uni\Diplomarbeit\testdata_new\SameFunctionReentrancy\v6\Possibly\Transfer\FixedAddress\PossiblyTransferFixedAddress.sol
sailfish;v6;source code;SameFunctionReentrancy;TransferUserDefinedAddress;PossiblyTransferUserDefinedAddress.sol;0;;0;\Users\Lisa\Documents\Uni\Diplomarbeit\testdata_new\SameFunctionReentrancy\v6\Possibly\Transfer\UserDefinedAddress\PossiblyTransferUserDefinedAddress.sol
sailfish;v6;source code;SameFunctionReentrancy;NonVulnerableFixedAddress;ReentrantNonVulnerableFixedAddress.sol;0;;0;\Users\Lisa\Documents\Uni\Diplomarbeit\testdata_new\SameFunctionReentrancy\v6\Reentrant\NonVulnerable\FixedAddress\ReentrantNonVulnerableFixedAddress.sol
sailfish;v6;source code;SameFunctionReentrancy;NonVulnerableUserDefinedAddress;ReentrantNonVulnerableUserDefinedAddress.sol;0;;0;\Users\Lisa\Documents\Uni\Diplomarbeit\testdata_new\SameFunctionReentrancy\v6\Reentrant\NonVulnerable\UserDefinedAddress\ReentrantNonVulnerableUserDefinedAddress.sol
sailfish;v6;source code;SameFunctionReentrancy;VulnerableEtherLossFixedAddress;ReentrantVulnerableEtherLossFixedAddress.sol;0;1;1;\Users\Lisa\Documents\Uni\Diplomarbeit\testdata_new\SameFunctionReentrancy\v6\Reentrant\Vulnerable\EtherLoss\FixedAddress\ReentrantVulnerableEtherLossFixedAddress.sol
sailfish;v6;source code;SameFunctionReentrancy;VulnerableEtherLossUserDefinedAddress;ReentrantVulnerableEtherLossUserDefinedAddress.sol;0;1;1;\Users\Lisa\Documents\Uni\Diplomarbeit\testdata_new\SameFunctionReentrancy\v6\Reentrant\Vulnerable\EtherLoss\UserDefinedAddress\ReentrantVulnerableEtherLossUserDefinedAddress.sol
sailfish;v6;source code;SameFunctionReentrancy;VulnerableNoEtherLossFixedAddress;ReentrantVulnerableNoEtherLossFixedAddress.sol;0;;1;\Users\Lisa\Documents\Uni\Diplomarbeit\testdata_new\SameFunctionReentrancy\v6\Reentrant\Vulnerable\NoEtherLoss\FixedAddress\ReentrantVulnerableNoEtherLossFixedAddress.sol
sailfish;v6;source code;SameFunctionReentrancy;VulnerableNoEtherLossUserDefinedAddress;ReentrantVulnerableNoEtherLossUserDefinedAddress.sol;0;;1;\Users\Lisa\Documents\Uni\Diplomarbeit\testdata_new\SameFunctionReentrancy\v6\Reentrant\Vulnerable\NoEtherLoss\UserDefinedAddress\ReentrantVulnerableNoEtherLossUserDefinedAddress.sol
sailfish;v4;source code;DelegatedReentrancy;NonReentrant;NonReentrant.sol;0;;0;\Users\Lisa\Documents\Uni\Diplomarbeit\testdata_new\DelegatedReentrancy\v4\No\NonReentrant\NonReentrant.sol
sailfish;v5;source code;DelegatedReentrancy;NonReentrant;NonReentrant.sol;0;;0;\Users\Lisa\Documents\Uni\Diplomarbeit\testdata_new\DelegatedReentrancy\v5\No\NonReentrant\NonReentrant.sol
sailfish;v6;source code;DelegatedReentrancy;NonReentrant;NonReentrant.sol;0;;0;\Users\Lisa\Documents\Uni\Diplomarbeit\testdata_new\DelegatedReentrancy\v6\No\NonReentrant\NonReentrant.sol
sailfish;v4;source code;CreateBasedReentrancy;SendFixedAddress;PossiblySendFixedAddress.sol;0;;0;\Users\Lisa\Documents\Uni\Diplomarbeit\CreateBasedPossibly\CreateBasedReentrancy\v4\Possibly\Send\FixedAddress\PossiblySendFixedAddress.sol
sailfish;v4;source code;CreateBasedReentrancy;SendUserDefinedAddress;PossiblySendUserDefinedAddress.sol;1;;0;\Users\Lisa\Documents\Uni\Diplomarbeit\CreateBasedPossibly\CreateBasedReentrancy\v4\Possibly\Send\UserDefinedAddress\PossiblySendUserDefinedAddress.sol
sailfish;v4;source code;CreateBasedReentrancy;TransferFixedAddress;PossiblyTransferFixedAddress.sol;0;;0;\Users\Lisa\Documents\Uni\Diplomarbeit\CreateBasedPossibly\CreateBasedReentrancy\v4\Possibly\Transfer\FixedAddress\PossiblyTransferFixedAddress.sol
sailfish;v4;source code;CreateBasedReentrancy;TransferUserDefinedAddress;PossiblyTransferUserDefinedAddress.sol;1;;0;\Users\Lisa\Documents\Uni\Diplomarbeit\CreateBasedPossibly\CreateBasedReentrancy\v4\Possibly\Transfer\UserDefinedAddress\PossiblyTransferUserDefinedAddress.sol
sailfish;v5;source code;CreateBasedReentrancy;SendFixedAddress;PossiblySendFixedAddress.sol;0;;0;\Users\Lisa\Documents\Uni\Diplomarbeit\CreateBasedPossibly\CreateBasedReentrancy\v5\Possibly\Send\FixedAddress\PossiblySendFixedAddress.sol
sailfish;v5;source code;CreateBasedReentrancy;SendUserDefinedAddress;PossiblySendUserDefinedAddress.sol;1;;0;\Users\Lisa\Documents\Uni\Diplomarbeit\CreateBasedPossibly\CreateBasedReentrancy\v5\Possibly\Send\UserDefinedAddress\PossiblySendUserDefinedAddress.sol
sailfish;v5;source code;CreateBasedReentrancy;TransferFixedAddress;PossiblyTransferFixedAddress.sol;0;;0;\Users\Lisa\Documents\Uni\Diplomarbeit\CreateBasedPossibly\CreateBasedReentrancy\v5\Possibly\Transfer\FixedAddress\PossiblyTransferFixedAddress.sol
sailfish;v5;source code;CreateBasedReentrancy;TransferUserDefinedAddress;PossiblyTransferUserDefinedAddress.sol;1;;0;\Users\Lisa\Documents\Uni\Diplomarbeit\CreateBasedPossibly\CreateBasedReentrancy\v5\Possibly\Transfer\UserDefinedAddress\PossiblyTransferUserDefinedAddress.sol
sailfish;v6;source code;CreateBasedReentrancy;SendFixedAddress;PossiblySendFixedAddress.sol;0;1;0;\Users\Lisa\Documents\Uni\Diplomarbeit\CreateBasedPossibly\CreateBasedReentrancy\v6\Possibly\Send\FixedAddress\PossiblySendFixedAddress.sol
sailfish;v6;source code;CreateBasedReentrancy;SendUserDefinedAddress;PossiblySendUserDefinedAddress.sol;0;1;0;\Users\Lisa\Documents\Uni\Diplomarbeit\CreateBasedPossibly\CreateBasedReentrancy\v6\Possibly\Send\UserDefinedAddress\PossiblySendUserDefinedAddress.sol
sailfish;v6;source code;CreateBasedReentrancy;TransferFixedAddress;PossiblyTransferFixedAddress.sol;0;1;0;\Users\Lisa\Documents\Uni\Diplomarbeit\CreateBasedPossibly\CreateBasedReentrancy\v6\Possibly\Transfer\FixedAddress\PossiblyTransferFixedAddress.sol
sailfish;v6;source code;CreateBasedReentrancy;TransferUserDefinedAddress;PossiblyTransferUserDefinedAddress.sol;0;1;0;\Users\Lisa\Documents\Uni\Diplomarbeit\CreateBasedPossibly\CreateBasedReentrancy\v6\Possibly\Transfer\UserDefinedAddress\PossiblyTransferUserDefinedAddress.sol
